688 687
0 58
0 61
0 156
0 160
0 185
0 300
0 310
0 332
0 379
0 384
0 402
0 575
1 5
1 212
1 223
1 255
1 271
1 358
1 370
1 438
1 478
2 37
2 82
2 149
2 157
2 158
2 224
2 248
2 314
2 435
2 681
3 17
3 50
3 86
3 98
3 119
3 280
3 311
3 417
3 455
3 467
3 592
4 28
4 147
4 203
4 348
4 368
4 469
4 482
5 65
5 91
5 96
5 123
5 146
5 175
5 194
5 397
5 430
5 464
5 536
5 598
5 659
5 676
6 16
6 106
6 145
6 191
6 192
6 238
6 401
6 427
6 438
6 463
6 588
7 81
7 85
7 135
7 337
7 399
7 401
7 552
7 590
8 144
8 417
8 424
8 602
8 645
8 656
9 22
9 250
9 274
9 291
9 320
9 441
9 524
9 590
10 46
10 73
10 100
10 232
10 239
10 421
11 72
11 152
11 166
11 310
11 564
12 87
12 159
12 242
12 264
12 283
12 305
12 318
12 336
12 374
12 504
12 515
13 72
13 114
13 138
13 365
13 425
13 427
13 449
13 511
13 566
13 629
14 28
14 151
14 162
14 257
14 461
14 507
15 52
15 92
15 207
15 374
15 469
15 656
16 38
16 156
16 169
16 178
16 184
16 220
17 60
17 86
17 386
18 283
19 71
19 228
19 545
20 180
20 183
20 197
20 321
20 431
20 522
20 539
21 65
21 66
21 133
21 220
21 321
21 377
21 425
21 426
21 434
21 570
22 27
22 68
22 184
22 199
22 213
22 298
22 396
23 45
23 58
23 132
23 149
23 204
23 294
23 423
23 538
24 56
24 246
24 331
24 363
24 497
25 32
25 86
25 97
25 169
26 95
26 318
26 354
26 614
26 636
27 43
27 44
27 49
27 51
27 178
28 92
28 160
28 191
28 275
28 284
28 330
29 54
29 157
29 205
29 343
29 410
29 430
30 36
30 57
30 90
30 163
30 354
30 387
30 529
31 113
31 134
31 287
31 298
31 354
31 366
31 374
31 406
31 422
31 590
32 37
32 61
32 134
32 223
32 306
32 547
32 615
33 51
33 264
33 327
33 364
33 454
33 502
33 619
34 97
34 120
34 186
34 219
34 256
34 398
34 528
35 288
35 328
35 360
35 572
35 592
36 131
36 247
36 276
36 314
37 120
37 126
37 137
37 273
37 479
38 100
38 131
38 182
38 580
39 46
39 87
39 89
39 147
39 202
39 230
39 247
39 409
39 451
39 560
40 111
40 144
40 148
40 466
40 590
41 54
41 62
41 63
41 138
41 185
41 389
41 495
41 638
42 95
42 100
42 187
42 312
42 407
42 410
42 548
43 289
43 448
43 474
43 492
44 51
44 95
44 122
44 257
44 279
45 124
45 226
45 284
45 627
46 50
46 78
46 86
46 120
46 154
46 214
46 304
46 345
46 524
47 169
48 53
48 73
48 77
48 97
49 128
49 163
49 296
50 74
50 259
50 439
51 91
51 133
51 167
51 214
51 244
51 291
51 325
51 374
52 136
52 159
52 400
53 141
54 73
54 116
54 164
54 378
54 438
54 524
54 525
55 96
55 132
55 165
55 291
56 197
57 73
57 107
57 236
57 291
57 485
57 512
57 535
58 94
58 227
58 266
58 599
59 99
59 289
59 346
59 406
60 72
60 205
61 256
61 298
62 119
62 242
62 244
62 347
62 354
62 422
63 228
63 245
63 311
63 429
63 445
64 112
64 145
64 165
65 235
65 353
65 423
65 481
66 106
66 108
66 161
66 488
67 215
67 303
67 378
68 529
68 530
70 112
70 167
71 190
72 83
72 100
72 428
72 437
73 79
73 121
73 129
73 279
74 128
74 221
74 273
75 103
75 332
75 390
75 449
76 110
76 193
76 216
77 85
77 179
77 194
77 231
77 306
77 384
78 124
78 328
78 348
78 460
79 82
80 177
80 341
80 347
80 420
81 169
81 295
81 333
82 126
82 221
82 253
82 289
82 601
83 100
83 171
83 213
83 328
84 425
84 550
85 127
85 243
85 468
86 318
87 106
87 208
87 241
87 350
88 179
88 298
88 315
88 393
88 579
89 109
90 106
90 233
91 119
91 123
91 235
91 290
91 504
93 332
93 385
93 516
94 131
94 343
96 173
96 198
96 361
96 526
97 193
97 476
98 172
99 130
99 177
100 144
100 167
100 272
100 355
100 414
101 331
102 291
102 503
103 107
103 157
103 252
103 268
103 323
104 444
104 519
106 231
107 258
107 338
107 346
109 183
109 303
110 304
110 418
111 199
111 443
112 205
112 208
112 227
112 336
113 184
113 206
113 284
113 320
113 501
114 347
115 252
115 262
115 287
115 375
115 397
115 441
115 463
117 268
118 144
118 401
120 159
120 188
120 223
120 342
121 159
121 240
121 363
122 157
122 355
122 447
123 231
124 302
124 378
124 523
125 131
125 263
126 212
127 306
128 325
128 353
129 189
129 288
130 155
130 233
130 266
130 410
131 462
132 232
132 299
132 312
133 174
133 264
133 273
133 296
134 268
137 246
137 288
139 249
140 142
140 147
140 173
140 254
140 279
141 160
141 229
143 280
143 281
144 150
144 250
145 222
145 531
146 346
147 191
148 223
149 195
149 198
149 358
151 268
152 252
152 328
152 409
153 159
153 186
153 377
154 281
154 429
155 208
155 248
155 411
156 176
156 268
156 329
156 405
157 214
157 295
157 380
159 269
159 364
159 449
160 308
161 168
161 173
164 169
164 170
164 266
164 288
164 330
165 275
166 180
166 257
168 366
168 458
169 171
169 187
169 285
171 228
171 253
171 378
174 285
174 327
175 344
176 262
177 377
178 231
178 335
178 364
185 221
185 238
186 191
188 214
189 268
192 196
192 337
193 242
195 247
195 275
196 267
199 240
200 251
200 264
201 209
203 240
203 348
203 352
203 395
205 314
220 253
220 316
228 302
229 409
230 391
230 406
231 264
233 411
238 396
242 246
242 312
244 264
246 248
246 301
247 316
249 286
254 269
261 311
264 314
265 277
282 333
