966 965
0 29
0 33
0 61
0 62
0 90
0 223
0 234
0 242
0 327
0 333
0 339
0 409
0 572
0 575
0 608
0 700
0 844
0 905
0 933
1 40
1 62
1 72
1 84
1 90
1 111
1 144
1 187
1 198
1 354
1 368
1 477
1 519
1 538
1 592
1 734
1 823
1 917
2 11
2 28
2 133
2 192
2 208
2 213
2 228
2 351
2 454
2 455
2 477
2 488
2 582
2 729
2 784
2 888
3 39
3 152
3 281
3 325
3 521
3 543
3 569
3 778
3 799
4 9
4 24
4 62
4 77
4 79
4 100
4 214
4 215
4 233
4 261
4 532
4 633
4 650
4 672
4 713
4 764
5 15
5 20
5 57
5 91
5 155
5 217
5 267
5 295
5 432
5 449
5 708
5 727
5 741
5 766
5 811
5 815
5 865
6 74
6 87
6 255
6 315
6 390
6 678
6 757
6 767
6 796
6 884
7 51
7 109
7 189
7 456
7 594
7 744
7 750
7 953
8 106
8 294
8 458
8 622
8 634
8 865
8 898
9 19
9 26
9 89
9 184
9 247
9 260
9 262
9 310
9 330
9 345
9 366
9 385
9 402
9 415
9 498
9 545
9 650
9 656
9 687
9 750
10 23
10 45
10 69
10 113
10 176
10 202
10 234
10 236
10 362
10 380
10 486
11 22
11 78
11 130
11 142
11 226
11 272
11 281
11 283
11 334
11 440
11 533
11 644
11 701
12 13
12 22
12 47
12 214
12 247
12 411
12 474
12 497
12 512
12 666
12 787
13 147
13 179
13 269
13 367
13 513
13 542
13 582
13 593
13 776
14 55
14 372
14 476
14 543
14 562
14 573
14 877
15 83
15 126
15 194
15 355
15 581
15 640
15 792
16 50
16 131
16 225
16 287
16 312
16 368
16 488
16 499
16 634
16 798
16 822
17 29
17 240
17 338
18 49
18 443
18 461
18 620
18 748
18 771
19 111
19 182
19 293
19 306
19 322
19 341
19 364
19 395
19 407
19 506
19 853
20 30
20 93
20 100
20 147
20 181
20 203
20 275
20 333
20 398
20 413
20 520
20 571
20 598
20 616
20 675
20 750
20 894
21 316
21 517
21 525
21 567
21 583
21 692
21 752
21 777
21 794
21 875
21 902
22 113
22 183
22 314
22 402
22 566
22 907
22 925
23 61
23 109
23 177
23 325
23 331
23 519
23 632
23 665
23 674
23 765
23 787
23 819
24 107
24 145
24 176
24 212
24 214
24 215
24 221
24 327
24 413
24 469
24 488
24 705
24 718
24 842
25 28
25 55
25 159
25 346
25 409
25 474
25 652
25 721
25 823
26 89
26 188
26 222
26 515
26 583
26 662
27 34
27 81
27 137
27 241
27 430
27 489
27 625
27 812
28 39
28 51
28 145
28 191
28 272
28 321
28 357
28 477
28 484
28 714
28 766
29 228
29 299
29 468
29 469
29 565
29 620
29 742
29 772
29 936
30 104
30 112
30 175
30 255
30 264
30 267
30 272
30 308
30 378
30 400
30 410
30 510
30 606
30 742
31 62
31 81
31 144
31 219
31 294
31 324
31 325
31 681
31 737
32 65
32 83
32 303
32 652
32 668
33 111
33 149
33 171
33 210
33 260
33 375
33 587
33 673
33 765
34 100
34 131
34 168
34 202
34 316
34 339
34 504
34 630
35 79
35 114
35 364
35 404
35 450
35 652
35 796
36 315
36 403
36 429
36 468
36 535
36 540
36 795
36 940
37 41
37 148
37 181
37 309
37 454
37 555
37 738
38 48
38 291
39 43
39 45
39 51
39 63
39 67
39 207
39 210
39 334
39 430
39 781
40 63
40 128
40 168
40 184
40 276
40 326
40 376
40 466
40 473
40 668
40 894
41 43
41 264
41 355
42 51
42 82
42 186
42 201
42 264
42 338
42 530
42 687
43 129
43 244
43 365
43 380
43 426
43 453
43 726
43 951
44 93
44 260
44 407
44 891
45 106
45 190
45 349
45 410
45 580
45 902
46 51
46 165
46 314
46 374
46 745
46 747
46 784
47 116
47 138
47 249
47 306
48 81
48 145
48 350
48 565
48 700
48 863
49 174
49 273
49 277
49 305
49 423
49 583
49 622
49 662
49 823
50 152
50 356
50 455
50 524
50 630
50 707
50 752
50 792
51 119
51 141
51 755
52 92
52 127
52 241
52 318
52 443
52 716
52 773
53 189
53 255
53 284
53 329
53 396
53 770
53 875
54 105
54 115
54 170
54 455
54 464
54 679
54 876
55 167
55 229
55 726
55 911
56 136
56 150
56 333
56 519
56 849
57 537
57 835
57 871
58 106
58 162
58 234
58 240
58 307
58 315
58 318
58 415
58 489
58 763
58 925
59 108
59 117
59 264
59 346
59 352
59 390
59 403
59 516
59 630
59 956
60 143
60 157
60 219
60 379
60 384
60 468
60 640
61 653
61 863
61 965
62 64
62 129
62 270
62 308
62 508
62 514
62 879
63 466
64 166
64 339
64 515
64 541
64 580
64 622
64 760
65 111
65 207
65 261
65 306
65 442
65 461
65 473
65 499
65 695
66 101
66 170
66 276
66 439
66 725
67 105
67 181
67 248
67 277
67 859
68 80
68 93
68 454
68 593
68 808
69 204
69 381
69 496
69 711
69 937
70 304
70 349
70 433
70 444
71 155
71 230
71 249
71 833
72 154
72 177
72 284
72 450
72 539
72 553
72 633
72 651
72 792
72 816
73 142
73 146
73 177
73 347
73 435
73 454
74 80
74 158
74 164
74 176
75 110
75 175
75 287
75 290
75 470
75 473
75 711
75 937
76 92
76 141
76 330
76 545
76 657
76 674
76 743
76 938
77 85
77 109
77 190
77 877
78 426
78 475
78 694
78 695
79 396
79 472
79 556
79 560
79 669
80 124
80 227
80 299
80 324
80 419
80 523
80 719
80 791
81 105
81 118
81 323
81 359
81 654
81 775
82 389
82 514
82 688
82 733
82 745
83 102
83 527
83 555
83 718
83 859
84 202
84 248
84 622
84 713
85 120
85 135
85 179
85 464
85 533
85 657
86 156
86 222
86 428
86 432
86 626
87 89
87 188
87 282
87 344
87 957
88 147
88 207
88 248
88 277
88 314
88 324
88 421
88 561
88 598
89 256
89 324
89 423
89 624
89 627
89 744
89 764
90 289
90 410
90 481
90 533
90 579
90 670
90 682
90 824
90 875
90 911
91 100
91 118
91 365
91 425
91 442
91 476
91 783
92 105
92 108
92 114
92 264
92 383
92 421
93 213
93 352
93 771
94 214
94 289
94 461
94 903
95 119
95 160
95 410
95 459
95 653
95 729
95 839
96 244
96 322
96 902
97 272
97 325
97 340
98 171
98 240
98 377
98 674
98 768
99 140
99 229
99 406
99 530
99 537
99 668
99 683
99 794
100 612
101 103
101 136
101 229
101 321
101 338
101 342
101 418
101 498
102 194
102 197
102 343
102 412
102 657
102 899
103 160
103 230
103 282
103 414
104 228
104 716
105 442
105 800
106 137
106 168
106 265
106 649
106 837
106 856
107 128
107 238
107 271
107 374
107 466
107 597
107 617
107 787
107 938
108 119
108 157
108 487
108 518
108 771
109 201
109 542
109 827
109 925
110 318
110 550
110 808
111 165
111 286
111 588
112 259
112 382
112 436
112 637
112 948
113 396
113 563
113 761
114 796
114 856
115 137
115 356
115 593
115 944
116 237
116 242
116 321
116 369
116 566
116 591
116 602
116 804
117 291
117 324
117 477
117 609
118 121
118 138
118 165
118 238
118 307
118 337
118 597
118 691
118 694
118 697
119 133
119 250
119 471
119 636
120 436
120 795
121 141
121 282
121 384
121 662
122 180
122 382
122 398
122 416
122 650
123 169
123 230
123 383
123 457
123 511
123 590
123 731
124 213
124 464
124 749
125 201
125 252
125 320
125 486
125 531
125 560
125 965
126 132
126 313
126 404
126 424
126 540
126 561
127 151
127 181
127 215
127 297
127 438
128 143
128 159
128 255
128 339
128 629
128 881
129 217
129 321
129 520
129 652
130 201
130 385
130 832
131 181
131 411
131 416
131 492
131 541
131 613
131 655
132 201
132 294
132 314
132 416
132 450
132 679
132 746
133 662
134 204
134 214
134 232
134 476
134 700
135 139
135 142
135 267
135 464
136 285
136 310
136 604
136 734
137 150
137 317
137 470
137 531
137 838
138 185
138 570
138 598
138 605
138 892
139 146
139 175
139 325
139 363
139 459
139 615
140 224
140 309
140 420
140 442
140 616
141 228
141 251
141 338
142 240
142 299
142 613
143 279
143 318
143 439
143 504
143 660
144 216
144 239
144 389
144 488
144 566
145 177
145 328
145 579
146 202
146 217
146 262
146 431
146 635
147 942
148 241
148 328
149 162
149 181
149 338
149 525
150 167
150 181
150 250
150 255
151 191
151 205
151 404
151 497
151 504
151 775
151 852
151 904
152 309
152 562
152 667
153 425
153 454
153 668
153 687
153 911
154 173
154 203
154 242
154 386
155 221
155 613
156 289
156 523
157 270
157 318
157 399
157 472
157 577
157 946
158 200
158 376
158 674
158 792
159 162
159 375
159 883
159 941
160 325
160 473
160 546
160 573
160 610
160 873
161 566
161 736
162 221
162 896
162 929
163 222
163 401
163 692
163 769
163 895
164 313
164 358
165 212
165 274
165 432
165 589
166 332
166 577
167 276
167 591
167 717
168 348
168 429
168 430
168 460
169 187
169 330
169 947
170 302
170 559
170 722
171 400
172 223
172 445
173 200
173 431
173 525
173 949
174 524
174 559
176 206
176 211
176 243
176 373
176 531
177 227
177 251
177 307
177 439
177 686
178 276
178 341
178 393
178 590
178 637
178 848
179 189
179 343
179 843
179 903
179 906
180 383
180 719
180 834
181 204
181 411
181 623
181 648
181 734
182 220
182 466
183 498
183 596
184 229
184 280
184 427
184 521
185 193
185 237
185 560
185 931
186 418
186 675
186 713
187 289
187 431
187 530
187 619
188 201
188 395
188 842
189 201
189 270
189 312
189 406
190 302
190 323
190 328
190 339
190 634
190 808
191 280
191 304
191 426
191 507
191 601
192 257
192 319
193 338
193 545
194 278
194 385
194 387
195 965
196 202
196 265
196 543
197 442
197 476
197 774
198 339
198 509
198 678
198 857
199 425
199 778
200 250
200 343
200 497
201 241
201 394
201 569
201 778
201 903
202 355
202 671
203 225
203 260
204 241
204 360
204 374
204 439
205 254
205 401
205 897
206 228
206 280
207 222
207 271
207 399
207 840
208 254
208 370
208 421
209 232
209 450
209 465
209 703
210 249
210 415
211 328
211 668
211 862
212 234
212 414
212 433
212 655
212 726
213 329
213 689
214 373
214 434
215 345
215 437
215 491
216 247
216 291
216 382
216 415
216 892
217 229
217 761
218 349
218 876
219 249
219 257
219 296
219 316
219 329
219 344
219 383
219 387
219 578
220 271
220 298
220 422
221 401
222 254
222 358
222 365
222 427
222 513
224 588
225 247
225 572
225 636
226 284
226 299
226 345
226 405
226 512
227 308
227 397
227 520
227 537
227 570
227 819
227 861
228 694
229 266
229 280
229 360
229 365
229 438
229 558
229 960
230 589
231 447
232 233
232 873
233 915
234 493
234 509
234 565
235 512
235 799
236 529
236 546
236 849
237 475
237 560
239 546
240 436
240 481
240 551
240 862
241 282
241 322
241 323
241 932
242 347
242 566
242 646
242 873
243 254
243 287
243 522
244 707
245 932
246 352
246 374
246 453
246 594
247 307
247 340
247 710
248 474
248 520
249 264
249 948
250 350
251 385
251 398
251 866
252 462
252 882
253 269
253 333
253 448
254 585
254 888
254 955
255 723
255 822
255 826
257 830
258 431
258 686
259 654
260 521
260 669
260 865
261 362
261 368
261 446
261 527
262 379
263 383
263 579
264 585
265 487
265 940
266 305
266 353
267 591
268 311
268 340
268 353
268 537
268 767
269 373
269 401
270 355
270 574
271 395
271 428
272 394
274 576
275 292
275 488
275 913
277 306
277 367
277 454
278 892
279 336
280 372
280 930
281 797
282 336
282 344
282 805
283 284
283 403
283 495
283 825
284 427
284 583
285 448
285 741
286 478
286 857
287 646
288 429
288 502
288 765
289 405
289 429
289 480
289 528
290 551
290 765
291 556
291 884
292 488
292 534
292 748
293 808
294 477
294 952
295 310
295 313
295 321
296 332
296 415
296 443
296 513
297 490
297 900
298 903
298 943
299 498
300 317
300 373
300 808
301 644
302 512
303 356
304 381
304 598
305 517
305 568
305 895
306 368
307 459
307 461
309 559
310 510
310 574
310 607
310 647
310 878
311 386
311 693
311 877
312 727
312 797
312 917
313 792
314 458
314 517
316 621
317 364
318 347
318 575
318 924
319 346
320 534
321 382
321 493
321 750
322 804
322 879
322 906
323 831
324 400
325 499
326 470
326 565
327 823
328 351
328 402
328 563
328 911
329 666
331 370
331 603
332 867
333 389
333 455
333 491
333 866
334 773
335 631
337 469
338 387
338 556
338 587
338 631
339 964
340 537
341 355
341 939
342 509
342 536
342 730
344 772
344 806
345 369
345 771
346 744
347 501
347 528
348 494
348 591
348 781
349 618
349 762
350 385
350 401
350 460
352 404
352 419
353 530
354 835
354 889
356 358
356 857
356 883
357 404
357 411
357 908
359 597
359 644
360 364
360 869
360 917
361 468
361 519
361 547
362 496
362 647
362 751
363 463
363 477
363 493
363 910
364 394
364 797
365 661
366 535
366 871
367 472
368 483
369 903
370 781
371 527
371 542
372 389
375 463
375 832
375 867
376 461
376 500
376 779
377 868
377 926
378 704
379 805
379 965
380 449
381 432
381 525
382 833
386 515
386 544
387 478
387 558
387 708
388 646
391 403
391 786
392 536
393 453
393 588
393 945
396 539
397 525
397 724
398 466
399 772
400 544
400 887
402 413
402 527
402 902
404 461
404 524
405 848
406 598
406 882
407 414
408 451
409 730
409 848
410 678
410 944
411 594
411 606
411 960
412 571
412 682
412 690
414 616
415 879
417 618
418 745
419 533
420 434
421 537
421 549
424 890
426 672
426 768
428 518
428 740
428 820
428 919
429 449
433 452
433 571
435 621
435 645
437 575
437 718
437 773
437 881
438 480
439 950
440 753
441 781
442 775
442 872
444 697
444 700
444 721
444 774
445 564
446 650
447 509
448 771
449 644
450 483
450 820
451 932
452 862
454 490
456 550
456 935
457 869
458 914
460 469
460 833
461 840
464 764
464 885
464 912
466 600
466 830
466 905
467 526
468 790
469 630
471 499
472 859
473 851
474 831
475 921
477 514
478 509
478 511
478 752
479 608
479 674
479 768
481 640
482 787
483 538
484 543
484 739
485 514
487 850
487 895
489 674
492 664
493 933
494 620
494 950
495 610
495 680
495 784
495 865
496 747
496 873
498 887
498 910
498 955
499 628
499 696
502 907
503 525
503 816
504 759
505 531
505 609
505 799
505 846
505 954
506 549
507 848
507 901
508 578
508 642
510 743
510 884
513 794
514 916
517 586
518 736
522 545
522 737
523 781
526 745
526 962
527 552
527 627
529 689
529 837
530 777
531 683
532 697
532 860
534 667
534 823
537 583
538 711
539 617
540 662
540 710
540 790
540 890
540 920
541 549
542 724
543 840
545 753
546 764
547 611
547 614
547 729
548 605
548 619
548 727
548 798
551 605
553 592
553 964
554 670
554 765
555 650
555 732
557 692
557 794
561 703
561 951
562 611
563 602
563 915
564 834
565 678
567 573
570 730
572 795
575 757
576 837
578 800
581 815
581 845
582 651
582 765
584 613
584 714
584 754
589 958
595 878
595 922
596 638
597 647
597 681
598 964
599 652
599 924
601 676
604 896
605 947
606 722
607 661
607 715
610 635
610 746
610 862
610 886
612 663
612 744
617 640
618 654
618 809
620 818
621 849
622 691
624 697
625 664
625 783
626 756
626 909
628 716
629 755
631 898
633 965
634 767
635 709
635 851
635 934
638 868
638 961
639 902
641 766
641 928
643 725
644 847
644 905
645 703
646 841
648 840
649 781
651 953
651 955
654 917
656 677
656 772
658 761
659 731
660 730
661 782
663 918
665 852
666 814
668 827
668 854
669 876
673 822
675 683
679 702
680 913
684 919
685 712
686 751
688 775
688 807
693 730
696 698
696 938
699 834
701 937
702 797
704 956
705 827
706 845
712 753
715 741
715 814
715 821
717 815
720 744
725 905
728 811
728 821
728 871
728 963
731 802
732 935
733 864
735 955
738 895
740 785
744 801
745 802
749 830
757 942
758 955
759 949
767 926
769 817
770 825
774 848
780 878
781 836
783 964
786 924
788 793
789 900
793 911
794 897
795 866
801 863
803 948
804 893
810 864
811 844
813 890
817 858
817 958
822 931
829 909
830 855
835 940
836 859
839 926
852 889
853 890
854 962
870 929
873 895
874 947
877 927
880 930
881 935
886 891
896 945
900 919
903 959
908 922
913 916
920 923
