842 841
0 20
0 25
0 101
0 136
0 139
0 183
0 247
0 268
0 278
0 335
0 469
0 543
0 656
0 766
0 780
0 812
1 12
1 47
1 59
1 87
1 96
1 120
1 194
1 218
1 280
1 313
1 326
1 336
1 381
1 425
1 431
1 439
1 615
1 650
1 708
1 744
1 764
1 841
2 13
2 49
2 65
2 111
2 186
2 215
2 285
2 347
2 352
2 421
2 471
2 586
2 714
2 766
2 787
2 811
3 43
3 59
3 112
3 197
3 277
3 288
3 342
3 356
3 404
3 444
3 499
3 521
3 543
3 690
3 801
4 135
4 176
4 280
4 298
4 379
4 409
4 414
4 433
4 494
4 500
4 513
4 626
4 651
4 664
4 800
5 7
5 67
5 70
5 101
5 149
5 160
5 259
5 267
5 285
5 298
5 440
5 473
5 530
5 629
6 66
6 188
6 274
6 297
6 338
6 375
6 673
7 176
7 180
7 509
7 556
7 693
8 51
8 175
8 244
8 247
8 257
8 308
8 331
8 414
8 417
8 550
8 676
8 723
8 751
9 58
9 106
9 120
9 229
9 337
9 367
9 471
9 487
9 626
10 158
10 202
10 219
10 240
10 467
10 491
10 507
10 513
10 613
10 837
11 66
11 296
11 410
11 457
11 520
11 540
11 667
11 811
12 22
12 124
12 319
12 451
12 486
12 680
12 750
12 817
13 21
13 44
13 115
13 407
13 412
13 506
13 569
14 22
14 25
14 31
14 76
14 88
14 205
14 297
14 321
14 376
14 456
14 487
14 591
14 663
15 36
15 54
15 116
15 159
15 172
15 439
15 491
15 597
15 691
16 26
16 33
16 49
16 68
16 95
16 98
16 99
16 134
16 159
16 169
16 179
16 213
16 276
16 395
16 405
16 431
16 629
17 175
17 192
17 383
17 758
17 823
18 91
18 177
18 179
18 521
18 571
18 576
18 706
18 804
19 34
19 225
19 378
19 446
19 474
19 593
19 637
19 639
20 195
20 398
21 90
21 381
21 392
21 530
21 561
21 570
21 670
21 786
22 34
22 130
22 134
22 142
22 270
22 354
22 385
22 397
22 516
22 606
23 79
23 215
23 255
23 257
23 284
23 767
23 785
24 36
24 273
24 287
24 323
24 474
24 498
24 581
24 761
25 28
25 40
25 79
25 85
25 164
25 225
25 228
25 442
25 826
26 28
26 173
26 210
26 238
26 563
26 612
26 701
27 76
27 129
27 283
27 637
27 780
28 39
28 224
28 226
28 243
28 258
28 490
29 69
29 184
29 208
29 240
29 247
29 307
29 428
29 495
29 510
29 546
30 33
30 84
30 136
30 184
30 318
30 397
30 414
30 434
30 479
30 549
31 84
31 105
31 139
31 259
31 438
31 561
31 567
31 638
32 47
32 51
32 140
32 156
32 182
32 401
32 655
32 708
32 819
33 53
33 76
33 124
33 240
33 505
33 519
33 601
33 765
33 773
34 169
34 252
34 262
34 399
35 45
35 119
35 221
35 326
35 354
35 540
35 648
36 117
36 187
36 207
36 350
36 630
37 104
37 107
37 194
37 304
37 329
37 438
37 806
38 64
38 91
38 155
38 200
38 274
38 307
38 366
38 385
39 43
39 63
39 308
39 582
39 615
39 622
39 697
39 729
40 213
40 618
40 709
40 738
41 87
41 184
41 198
41 207
41 235
41 261
41 361
41 417
42 142
42 264
42 293
42 348
42 444
42 498
42 649
42 704
43 47
43 166
43 312
43 639
44 117
44 141
44 178
44 201
44 206
44 352
44 448
44 573
44 585
44 659
45 107
45 166
45 359
45 360
45 444
45 601
46 206
46 352
46 443
47 319
47 323
47 425
47 793
48 155
48 164
48 226
48 345
48 496
48 506
48 536
48 746
49 69
49 144
49 174
49 307
49 353
49 699
50 251
50 296
50 340
50 358
50 378
50 382
50 638
51 128
51 134
51 161
51 255
51 258
51 363
51 411
51 416
51 515
51 549
51 637
51 672
52 75
52 120
52 240
52 322
52 371
52 625
53 416
53 459
53 491
53 501
53 563
53 576
53 644
53 708
53 761
54 82
54 199
54 461
54 540
54 611
54 693
55 65
55 68
55 102
55 141
55 205
55 299
55 324
55 337
55 487
55 587
56 67
56 255
56 400
56 543
56 597
56 642
56 648
57 67
57 104
57 136
57 318
57 668
58 98
58 99
58 399
58 465
58 612
59 103
59 227
59 475
60 256
60 320
60 330
60 341
60 406
60 574
61 385
61 397
61 446
61 476
61 526
62 75
62 82
62 389
62 535
63 76
63 85
63 329
63 383
64 71
64 77
64 112
64 283
64 312
64 325
64 442
64 447
65 151
65 361
65 522
66 158
66 195
66 376
66 533
66 548
66 642
67 73
67 228
67 236
67 266
67 322
67 354
67 412
67 595
68 75
68 271
68 306
68 482
68 507
68 607
69 93
69 386
69 536
69 728
70 223
70 307
70 550
70 631
70 649
71 106
71 403
71 686
71 832
72 130
72 258
72 691
73 172
73 290
73 380
73 446
73 494
73 595
73 610
73 621
73 790
74 89
74 94
74 153
74 186
74 349
74 401
74 435
74 500
74 630
75 81
75 124
75 322
75 331
75 502
76 262
76 719
77 207
77 275
77 731
78 116
78 147
78 164
78 198
78 250
78 384
78 652
78 658
79 83
79 110
79 175
79 506
80 171
80 321
80 324
80 703
81 206
81 236
81 346
81 450
81 662
82 144
82 188
82 222
82 420
82 446
83 106
83 194
83 223
83 385
83 479
83 836
84 172
84 295
84 488
84 596
85 308
85 479
85 760
86 139
86 155
86 366
86 574
87 231
87 349
87 824
88 94
88 102
88 161
88 704
89 257
89 375
89 541
90 107
90 143
90 555
90 575
91 108
91 182
91 220
91 280
91 317
91 371
91 456
92 126
92 177
92 224
92 297
92 318
92 584
93 426
93 473
94 266
94 309
94 347
94 716
95 243
95 301
95 312
95 329
95 380
95 600
95 752
96 148
96 155
96 173
96 496
96 510
97 107
97 145
97 200
97 475
97 508
97 677
97 834
98 158
98 275
98 429
98 460
98 462
98 513
98 751
98 760
99 128
99 219
99 291
99 339
99 458
99 525
100 110
100 247
100 510
101 216
101 229
101 320
101 520
102 141
102 211
102 230
102 555
102 565
102 643
102 648
102 697
102 735
103 320
103 524
103 565
103 657
103 679
104 201
104 336
104 340
104 654
105 424
105 497
105 704
106 111
106 219
106 539
106 540
106 629
106 819
107 188
107 346
107 347
107 428
107 609
107 616
107 712
108 139
108 245
109 315
109 322
109 396
109 403
109 631
109 690
110 137
110 180
110 214
110 324
110 565
110 583
110 692
111 359
111 673
112 117
112 230
112 361
112 605
112 652
112 776
113 218
113 439
113 479
113 500
113 504
113 703
114 283
114 303
114 429
114 656
114 818
114 840
115 262
115 340
115 393
115 449
115 484
115 603
115 837
116 318
116 363
116 659
117 250
117 359
117 363
117 372
117 785
118 150
118 153
118 159
118 298
118 315
118 318
118 350
118 391
118 758
119 301
119 333
119 554
119 594
119 650
120 129
120 260
120 458
120 559
120 737
121 202
121 281
121 545
121 701
122 141
122 245
122 665
122 710
123 420
123 441
123 458
124 195
124 242
124 306
124 556
125 216
125 220
125 232
125 289
125 613
126 143
126 457
126 675
126 772
127 182
127 325
127 417
127 531
128 221
128 234
128 296
128 353
128 570
128 669
129 149
129 250
129 284
129 381
129 466
129 693
130 173
130 226
130 339
130 365
131 250
131 281
131 297
131 344
131 348
131 370
131 427
132 261
132 401
133 335
133 621
134 174
134 182
134 344
134 348
134 498
135 176
136 147
136 177
136 345
136 479
136 547
136 741
137 173
137 221
137 251
137 347
137 563
138 202
138 219
138 245
138 725
139 161
139 243
139 277
139 373
139 449
140 488
140 771
141 334
141 340
141 545
142 157
142 391
142 552
142 586
142 603
143 369
143 432
143 451
143 564
144 188
144 262
144 716
145 295
145 459
145 507
145 528
145 590
146 255
146 383
146 680
148 271
148 516
148 612
148 825
149 495
150 207
150 370
150 440
150 614
151 266
151 371
151 529
151 636
152 410
152 471
152 585
152 773
152 826
153 174
153 459
154 204
154 233
154 283
154 321
154 346
154 429
154 820
155 197
155 241
155 286
155 444
156 230
156 525
156 547
156 640
157 238
157 336
157 357
157 461
157 528
158 325
158 470
158 639
158 713
160 161
160 239
160 457
161 193
161 221
161 388
161 465
161 517
161 686
162 588
163 639
163 646
164 600
164 732
165 295
165 326
165 333
165 367
165 443
165 520
165 698
165 740
166 292
166 494
167 362
167 420
167 830
168 225
168 343
168 359
168 375
168 490
169 234
170 360
170 443
170 830
171 178
171 207
171 472
171 790
172 201
172 238
172 391
172 486
172 516
173 203
173 282
173 321
173 334
173 395
173 507
173 508
173 655
174 235
174 540
174 578
175 203
176 288
177 195
177 357
177 787
178 225
178 491
178 529
178 705
178 766
179 247
179 478
179 501
179 669
180 225
180 279
180 315
180 517
181 182
181 188
181 628
181 635
182 293
182 461
183 251
183 269
183 721
183 740
184 282
184 334
184 362
185 243
185 375
185 497
185 651
185 676
186 468
186 641
187 257
187 312
187 323
187 490
188 221
188 271
188 570
188 697
189 208
189 212
189 219
189 266
189 271
189 315
189 370
189 417
189 429
190 225
190 249
191 210
191 218
191 344
191 415
191 750
192 195
192 205
192 304
193 229
193 278
193 298
193 395
193 744
194 223
195 382
195 398
195 742
196 273
196 294
196 772
198 278
198 314
198 333
198 509
198 623
198 835
199 419
199 499
199 534
199 569
199 599
199 675
200 251
200 302
200 305
200 787
201 386
201 677
202 369
202 392
203 471
203 565
204 299
204 805
205 398
205 604
206 371
206 418
206 522
207 208
207 376
207 411
207 534
207 593
208 578
209 235
209 296
209 505
209 822
210 266
210 572
210 697
211 260
211 293
211 441
211 489
212 224
212 358
212 562
212 588
212 774
213 265
213 353
213 395
213 427
213 521
213 602
214 262
214 400
214 406
214 448
214 533
214 777
215 263
215 368
216 817
217 235
217 533
218 347
219 231
219 486
219 813
220 432
220 676
222 644
222 771
223 297
223 308
223 525
223 540
224 401
225 326
225 334
226 298
226 375
226 430
226 726
227 265
227 408
227 544
227 694
228 252
228 277
228 552
229 337
229 652
230 611
231 281
231 361
231 750
232 249
232 258
232 431
232 606
233 279
233 828
234 597
235 389
236 341
236 702
236 710
237 261
237 391
237 637
237 797
237 799
238 385
238 480
239 276
239 709
239 714
239 728
240 303
240 712
241 251
241 274
241 310
241 562
242 491
242 576
242 625
244 262
244 422
244 543
245 568
245 654
245 705
246 297
247 351
247 629
248 556
248 747
249 307
249 358
249 450
250 312
251 762
251 821
252 341
252 401
252 471
253 480
253 562
254 316
254 591
254 777
256 392
256 430
256 827
257 422
257 524
258 263
259 271
259 324
259 409
260 348
260 776
261 304
261 445
262 364
263 402
263 452
263 646
264 336
264 798
265 627
266 716
267 309
267 318
267 407
267 623
268 380
269 373
269 398
269 426
269 785
270 359
271 338
271 416
271 578
271 647
272 334
272 797
273 809
274 462
274 814
275 378
275 505
275 645
276 297
276 299
276 362
277 439
277 461
277 466
277 532
277 680
279 524
280 303
280 779
281 493
281 793
282 371
282 556
283 292
284 438
285 402
285 447
286 319
286 343
286 690
287 297
287 317
287 447
288 318
288 324
289 354
290 453
290 516
291 383
292 711
292 839
293 436
294 302
294 492
295 316
295 340
297 304
297 620
298 408
298 421
298 506
298 524
299 652
299 701
300 406
301 377
301 439
301 504
302 822
305 360
305 690
305 743
306 384
306 400
306 541
307 606
309 721
310 360
310 833
311 348
311 362
312 361
312 628
312 805
313 551
313 721
314 816
315 408
315 655
316 418
317 397
317 768
321 454
322 344
323 485
323 700
324 503
325 731
326 356
326 592
327 355
328 776
328 823
329 365
329 415
329 582
330 404
331 399
331 670
332 586
332 608
333 526
336 771
338 730
340 490
340 630
341 378
341 615
342 372
342 455
343 441
343 542
343 836
345 355
346 688
346 838
348 786
349 361
349 456
349 530
350 716
351 514
351 677
352 768
353 394
353 595
354 632
355 537
355 622
356 782
357 475
359 617
359 753
361 416
362 630
363 618
364 680
364 685
365 723
367 704
367 775
369 374
369 791
370 476
373 409
373 702
373 828
374 451
375 399
375 401
376 423
376 559
377 435
377 740
380 477
380 616
380 726
381 701
382 502
383 787
385 816
386 617
387 527
390 510
390 666
391 557
392 739
393 410
396 681
398 619
399 555
400 571
401 490
402 631
404 413
405 560
405 662
407 612
407 632
407 801
409 581
410 540
412 731
413 748
414 521
414 769
414 800
416 447
417 420
417 586
418 607
419 455
420 822
421 480
421 832
422 715
423 802
424 646
426 582
427 596
428 547
430 712
431 610
432 788
433 577
434 446
434 485
436 663
436 724
437 551
437 589
438 678
439 781
441 456
441 494
442 631
444 557
444 668
444 839
445 577
445 683
448 589
449 776
449 780
451 593
453 624
455 696
457 831
458 692
460 665
462 785
462 805
463 483
463 551
464 510
465 488
466 498
466 634
467 489
468 707
472 754
474 505
475 794
478 692
479 767
481 547
481 673
482 723
485 486
487 696
490 763
493 696
495 532
495 838
496 806
497 834
499 607
499 810
500 566
500 607
504 643
504 775
506 653
508 535
509 640
509 776
511 735
512 773
512 788
516 573
518 691
523 564
523 750
527 740
529 792
530 792
531 632
535 603
536 749
538 773
539 692
540 554
541 622
542 719
543 708
544 575
546 618
546 717
547 627
548 743
548 824
549 745
551 636
552 798
553 748
553 773
556 808
558 688
560 625
560 687
561 835
563 670
564 793
567 583
570 645
570 749
573 650
579 789
580 678
581 778
582 611
587 590
588 603
588 768
590 694
591 759
592 609
592 812
595 829
598 683
598 750
599 734
603 720
605 659
611 638
613 828
614 661
618 656
621 788
622 707
622 783
624 660
624 681
624 730
626 745
628 770
629 765
631 706
633 825
634 642
634 815
635 733
635 774
637 678
638 794
641 817
646 652
649 814
650 761
651 722
655 682
656 718
657 716
660 761
661 684
663 734
665 704
671 769
674 740
678 796
682 684
685 808
689 710
690 829
691 800
691 809
695 825
703 840
705 803
707 736
709 803
712 789
713 715
719 726
724 821
727 837
732 738
733 757
733 769
747 821
755 810
756 759
756 795
764 793
776 836
784 808
807 813
820 826
