962 961
0 18
0 36
0 50
0 104
0 108
0 176
0 263
0 278
0 419
0 425
0 434
0 460
0 473
0 659
0 661
0 670
0 758
1 46
1 54
1 119
1 228
1 359
1 425
1 543
1 549
1 595
1 623
1 851
1 917
2 69
2 96
2 117
2 195
2 237
2 286
2 297
2 300
2 352
2 426
2 428
2 549
2 612
2 613
2 649
2 725
2 752
2 756
3 4
3 10
3 36
3 87
3 320
3 377
3 478
3 577
3 699
4 64
4 91
4 227
4 370
4 414
4 439
4 473
4 643
4 931
5 94
5 135
5 148
5 316
5 426
5 474
6 75
6 207
6 317
6 722
7 31
7 178
7 201
7 222
7 257
7 349
7 504
7 561
7 701
7 749
8 18
8 24
8 65
8 189
8 309
8 392
8 453
8 562
8 580
8 742
9 38
9 114
9 115
9 213
9 292
9 343
9 570
9 838
10 24
10 102
10 132
10 152
10 191
10 224
10 422
10 427
10 596
10 790
10 804
11 21
11 107
11 141
11 238
11 484
11 507
11 762
12 67
12 191
12 280
12 350
12 373
12 426
12 534
12 745
13 187
13 217
13 357
13 660
13 763
13 819
13 840
14 215
14 288
14 362
14 452
14 494
14 760
15 89
15 112
15 568
15 593
15 598
16 184
16 304
16 503
16 706
16 814
17 70
17 391
17 676
17 730
18 79
18 136
18 231
18 405
18 426
18 443
18 736
18 744
18 759
18 789
19 198
19 278
19 317
19 388
19 390
19 509
19 542
19 583
19 634
19 643
19 820
20 305
20 343
20 772
21 119
21 403
21 415
21 515
21 680
21 876
22 172
22 194
22 212
22 217
22 284
22 398
22 467
22 796
23 66
23 192
23 242
23 319
23 398
23 420
23 622
23 645
23 648
24 251
24 427
24 477
24 718
24 765
25 60
25 71
25 139
25 158
25 195
25 342
25 518
25 607
25 630
26 39
26 63
26 67
26 153
26 180
26 204
26 335
26 347
26 371
26 446
26 642
26 652
26 727
27 46
27 197
27 282
27 655
27 723
28 93
28 298
28 451
28 642
29 50
29 167
29 412
29 434
29 753
29 813
30 78
30 129
30 272
30 311
30 514
31 54
31 78
31 112
31 325
31 328
31 585
32 185
32 788
33 34
33 100
33 102
33 119
33 121
33 124
33 374
33 449
33 487
33 697
33 726
34 51
34 285
34 288
34 320
34 358
34 379
34 509
34 607
35 490
35 524
35 559
35 658
35 661
36 70
36 217
36 302
36 504
36 508
37 45
37 76
37 125
37 146
37 163
37 274
37 292
37 356
37 693
37 725
37 892
38 77
38 119
38 313
39 98
39 128
39 294
39 298
39 427
39 778
40 546
40 603
41 123
41 192
41 219
41 296
41 314
41 597
41 600
42 91
42 110
42 112
42 209
42 235
42 263
42 273
42 527
43 106
43 272
43 365
43 399
43 515
43 526
44 82
44 135
44 227
44 240
44 241
44 354
44 521
44 614
45 163
45 184
45 556
45 668
46 59
46 239
46 297
46 497
46 618
46 669
47 79
47 111
47 165
47 195
47 491
47 659
47 762
48 222
48 265
48 318
48 528
48 581
49 229
49 412
49 620
49 707
49 850
50 96
50 371
50 522
50 571
51 111
51 191
51 438
51 455
51 643
52 210
52 227
52 287
52 483
53 157
53 159
53 176
53 297
53 301
53 401
53 560
53 610
53 818
54 198
54 286
54 350
54 351
54 426
54 716
55 288
55 326
55 422
55 823
56 119
56 319
56 374
56 423
56 792
57 253
57 261
57 297
57 675
58 282
58 679
59 77
59 87
59 118
59 206
59 454
59 507
60 358
60 405
61 164
61 330
61 359
61 480
61 531
61 563
62 66
62 411
63 112
63 115
63 118
63 196
63 443
64 279
64 400
64 445
64 636
65 119
65 159
65 310
65 444
65 501
65 703
65 754
66 148
66 256
67 80
67 87
67 237
67 529
68 113
68 290
68 309
68 393
69 193
69 231
69 381
69 443
70 217
71 341
71 792
72 209
72 248
72 310
72 361
72 455
73 435
73 472
73 756
74 167
74 356
74 559
75 83
75 145
75 422
75 737
75 753
76 135
76 329
76 459
77 120
77 361
77 465
77 534
77 613
77 822
78 112
78 216
78 267
78 408
78 418
78 432
78 530
79 181
79 193
79 209
79 410
80 133
80 362
80 388
80 418
80 515
81 118
81 142
81 179
81 192
81 647
81 796
82 90
82 134
82 148
82 276
82 360
82 362
82 398
82 653
83 206
83 220
84 281
84 411
84 458
84 577
84 634
84 662
85 382
86 113
86 794
87 126
87 232
87 464
88 134
88 249
88 425
88 551
88 701
89 162
89 175
89 196
89 205
89 366
89 505
90 217
90 508
90 519
91 174
91 176
91 357
92 351
92 559
92 685
93 129
93 174
93 623
94 314
94 367
94 504
94 552
94 605
95 141
95 166
95 180
95 289
95 306
95 318
95 576
95 649
96 394
96 484
96 623
97 243
97 384
97 662
98 171
98 229
98 268
98 457
98 609
99 138
99 170
100 212
100 384
100 465
100 599
101 142
101 393
101 533
101 652
102 313
103 202
103 244
103 525
103 544
103 643
103 699
104 170
104 180
104 285
104 501
104 585
105 180
105 579
105 732
106 226
107 139
107 719
108 154
109 110
109 115
109 130
109 198
109 379
109 428
109 632
109 637
110 240
111 299
112 129
113 333
113 527
114 165
114 173
114 362
114 372
115 130
116 192
116 511
116 541
117 255
117 365
118 354
119 121
119 181
119 239
119 497
119 517
119 584
119 644
121 281
121 313
121 329
122 149
122 378
122 403
123 248
123 442
125 147
125 227
125 382
125 414
125 491
125 546
126 198
126 213
126 285
126 680
126 754
127 286
127 391
127 697
128 154
128 172
128 233
128 439
128 441
128 626
129 485
130 317
130 472
131 471
131 558
132 239
132 333
132 521
132 680
133 154
133 243
134 176
134 240
134 243
134 645
135 144
135 172
135 187
135 492
136 578
136 603
137 177
137 674
138 154
138 501
139 227
139 364
139 571
140 308
140 355
140 488
140 563
140 661
141 325
141 475
142 282
142 418
142 710
143 205
143 441
144 161
144 376
144 667
145 150
145 202
145 328
145 439
146 336
146 513
147 232
147 702
148 150
148 268
148 419
149 172
149 449
149 517
149 775
150 223
150 381
151 691
153 336
154 312
155 242
155 775
156 408
158 171
158 183
158 237
158 362
158 445
159 460
160 213
160 215
160 348
162 217
162 302
162 614
163 214
163 237
164 429
164 504
165 432
165 444
165 464
166 221
166 306
166 355
166 488
166 521
167 215
167 639
168 291
168 338
168 473
168 579
172 181
173 620
174 212
175 260
175 613
176 663
177 509
177 537
178 569
178 636
179 294
179 368
180 426
180 577
181 725
183 732
184 189
184 426
184 547
185 399
186 204
186 242
186 402
186 513
187 440
187 443
188 210
188 223
188 242
188 413
190 386
190 689
191 256
191 290
191 350
193 611
193 643
194 360
194 518
196 310
196 406
196 619
197 261
199 352
199 413
199 463
199 604
201 340
201 494
202 329
203 299
203 582
204 420
205 229
205 416
207 366
207 557
208 321
208 338
208 429
209 264
209 476
211 389
211 467
212 239
212 390
212 406
213 216
213 270
213 466
216 595
218 290
219 329
220 273
221 286
222 412
222 459
223 381
223 719
224 469
225 265
225 655
226 351
226 368
226 406
228 299
228 492
229 335
229 348
229 627
230 244
230 596
231 503
233 414
233 534
234 283
236 349
238 458
239 435
240 324
241 252
241 449
242 323
243 327
244 257
244 301
247 372
247 417
247 476
249 493
251 321
251 374
252 349
252 413
254 493
255 368
255 629
257 265
257 433
257 685
258 411
259 290
259 329
261 422
263 267
267 462
267 496
268 407
269 340
270 278
270 476
271 291
271 484
273 275
273 330
273 494
273 546
274 416
275 531
278 387
279 362
280 396
281 296
281 474
283 418
284 323
285 353
286 322
286 501
286 515
287 332
289 345
289 451
290 360
290 432
291 435
292 407
293 359
295 307
297 402
297 445
304 394
305 309
309 400
309 428
315 342
316 328
318 488
321 484
322 568
325 410
332 416
332 493
339 434
341 489
342 481
345 359
345 595
346 384
358 359
359 409
361 399
361 439
362 447
369 382
374 450
382 384
382 403
387 405
388 509
392 417
404 414
412 473
417 455
429 485
431 514
442 446
