651 363
0 346
0 412
1 542
2 13
2 349
3 207
4 60
4 221
5 631
6 173
6 564
7 223
7 452
8 237
8 357
9 33
9 92
9 276
10 131
10 291
11 200
11 210
12 141
12 581
13 247
14 522
15 308
16 39
16 79
17 521
18 445
19 434
20 35
20 367
21 477
22 220
22 262
23 575
24 261
24 555
25 53
25 67
25 309
26 394
27 258
28 154
28 171
28 358
29 69
30 628
31 545
32 284
33 222
34 115
35 271
35 304
36 260
36 395
37 190
37 321
38 264
38 324
39 150
40 120
40 526
41 325
41 480
42 298
42 582
43 431
44 92
45 71
45 136
46 207
47 237
48 274
49 416
50 62
51 362
52 360
52 630
54 222
54 605
55 150
56 430
57 77
57 438
58 330
58 333
59 424
60 242
61 591
62 589
63 273
64 144
65 315
66 202
66 285
68 595
69 479
70 269
70 333
71 167
71 267
71 340
72 616
73 231
73 393
74 123
75 436
76 364
78 94
79 330
80 552
81 257
81 273
82 110
82 139
82 650
83 87
84 620
85 559
86 339
87 301
88 454
89 378
90 433
91 584
92 290
93 174
94 361
95 457
96 294
96 549
97 245
97 575
98 341
99 359
99 628
100 406
101 279
102 296
103 167
103 358
104 342
104 641
105 481
106 452
107 452
108 278
108 392
109 275
109 451
111 192
111 536
112 268
112 512
113 269
114 257
115 224
116 248
117 587
118 324
118 430
119 232
119 342
120 361
121 558
122 557
123 352
124 241
124 537
125 566
126 189
127 171
127 350
128 541
129 257
129 307
129 356
130 192
131 148
132 377
133 326
134 282
135 466
136 172
136 308
137 332
138 399
140 381
142 456
143 158
143 175
144 291
144 338
145 225
145 406
146 153
146 195
147 262
147 639
148 195
149 439
151 585
152 287
152 391
153 160
155 569
156 423
157 440
158 279
159 451
160 548
161 280
161 563
162 252
163 361
164 266
165 361
166 313
168 260
169 191
169 202
170 543
174 248
176 309
177 243
178 377
179 569
180 572
181 588
182 436
183 436
184 373
185 352
186 374
187 636
188 283
188 635
189 427
190 349
193 245
194 519
196 449
197 419
198 228
198 236
199 295
199 567
201 316
202 352
203 311
203 423
204 329
205 333
206 356
207 410
208 368
209 345
210 580
211 392
212 559
213 502
214 417
215 628
216 405
217 628
218 414
219 252
221 348
221 553
224 324
226 648
227 334
227 340
229 349
230 304
233 525
234 461
235 346
236 250
238 420
239 294
240 594
241 355
243 587
244 600
246 350
248 263
248 303
249 386
250 415
251 427
252 355
253 600
254 557
255 617
256 288
256 477
257 610
258 530
259 622
263 425
265 408
266 540
270 545
272 513
274 534
277 458
279 574
281 314
281 547
282 614
283 293
284 632
285 326
286 346
289 427
292 530
296 643
297 336
299 403
300 582
301 433
302 311
305 338
305 339
306 355
309 501
310 472
312 363
313 557
315 612
316 597
317 374
318 326
318 362
319 560
320 420
321 444
322 643
323 381
327 440
328 409
329 609
331 585
332 389
333 342
335 549
336 589
337 500
341 361
343 400
344 503
345 574
347 493
351 370
353 608
354 533
357 359
358 457
362 567
