904 471
0 590
1 195
2 170
3 289
3 688
4 324
5 224
5 805
6 879
7 411
7 819
8 634
9 293
9 890
10 35
10 49
10 79
11 307
11 668
12 14
13 314
13 316
13 666
14 669
15 776
16 638
17 53
17 126
17 896
18 42
19 815
20 899
21 782
22 98
23 226
23 396
23 644
24 596
25 100
26 464
27 592
28 30
28 365
29 440
30 390
31 207
31 223
31 405
32 46
33 652
34 432
35 156
35 318
36 85
37 476
38 424
39 332
40 732
41 179
42 509
43 317
43 674
44 154
45 406
46 120
46 173
47 443
48 687
50 371
51 252
51 329
51 398
51 529
52 214
52 400
52 592
54 270
55 897
56 336
56 337
56 702
57 740
58 637
59 137
60 857
61 258
62 603
63 64
63 219
64 122
65 247
66 470
66 822
67 82
67 121
68 108
69 377
69 757
70 758
71 825
72 691
73 352
73 391
73 708
74 461
74 876
75 338
76 384
77 227
77 846
78 303
79 150
79 392
80 420
81 120
83 84
84 865
85 387
85 697
86 143
86 426
87 421
88 245
89 121
89 245
90 821
91 217
92 125
93 887
94 164
95 417
96 245
97 566
98 367
98 638
99 112
99 375
100 903
101 755
102 499
103 139
104 242
104 430
105 197
106 527
107 237
107 256
108 296
108 819
109 703
110 241
110 312
111 174
113 865
114 429
115 803
116 577
117 225
117 229
117 333
118 848
119 215
120 132
120 188
120 395
121 149
122 328
123 410
124 202
124 835
125 651
127 144
127 433
127 493
128 902
129 334
129 393
130 202
130 238
131 516
133 140
134 284
134 852
135 414
136 508
137 192
138 216
139 246
140 216
140 828
141 196
141 310
142 291
142 525
143 247
144 230
145 870
146 686
147 492
148 599
150 330
151 212
151 218
152 808
153 398
153 418
154 825
155 259
157 835
158 275
159 633
160 342
161 427
161 851
162 721
163 206
163 306
163 383
164 354
164 796
165 423
166 282
166 618
167 683
168 180
168 331
168 881
169 413
170 890
171 408
172 334
172 696
173 210
173 234
174 620
175 472
176 675
177 213
177 309
177 516
178 766
179 409
179 698
181 428
182 588
183 193
184 447
185 384
185 650
186 213
187 347
189 390
190 692
191 389
192 752
193 743
194 208
194 338
195 660
197 339
197 380
198 729
199 447
200 405
200 440
201 767
203 308
204 681
205 482
206 343
206 658
209 301
209 415
211 707
212 319
212 461
214 240
215 411
217 418
220 365
220 464
221 419
222 520
228 320
229 348
231 408
231 735
232 666
233 559
234 679
235 817
236 415
236 548
237 431
238 403
239 382
241 593
243 342
244 653
245 263
246 413
246 645
247 288
248 602
249 775
250 674
251 319
253 285
253 790
254 273
255 897
256 583
257 820
258 583
259 436
260 271
261 266
261 340
261 773
262 392
262 429
262 570
263 903
264 374
265 410
266 299
267 708
268 716
269 399
269 693
270 294
270 558
271 863
272 638
273 287
273 326
274 538
275 281
276 548
277 760
278 441
279 442
280 491
281 889
283 452
286 630
287 445
287 738
288 357
288 376
290 849
291 341
292 437
292 471
292 759
295 362
297 838
298 719
300 798
302 801
303 401
304 420
304 462
304 465
304 487
305 436
305 642
307 342
307 404
308 604
310 699
311 318
313 759
315 414
315 670
320 412
320 453
321 742
322 709
323 562
324 814
325 335
325 479
327 528
332 373
333 810
335 394
338 412
344 356
344 533
345 371
346 801
347 430
349 358
349 530
350 468
350 705
351 838
352 416
353 523
355 433
359 376
360 531
361 477
362 699
363 527
364 872
366 883
368 408
369 444
369 823
370 474
371 821
372 767
373 417
373 511
374 791
375 386
376 878
378 708
379 507
380 709
381 712
382 770
385 458
386 538
388 490
389 450
389 662
390 539
394 467
397 765
401 888
402 609
405 514
406 835
407 775
410 663
412 541
419 702
420 432
421 726
422 472
423 623
424 705
425 725
428 585
430 560
434 452
435 508
438 609
439 644
441 452
441 885
442 637
443 510
446 839
447 668
448 887
449 873
451 725
454 761
455 681
456 625
457 754
458 499
459 868
460 870
463 568
466 731
469 657
