549 548
0 31
0 118
0 185
0 187
0 233
0 270
0 299
0 302
0 326
0 424
0 498
0 543
1 7
1 28
1 87
1 192
1 217
1 220
1 273
1 417
1 434
1 492
2 39
2 107
2 177
2 230
2 235
2 240
2 250
2 258
2 272
2 367
2 405
2 459
3 5
3 67
3 83
3 152
3 158
3 251
3 287
3 315
3 367
3 407
3 478
3 487
3 513
4 27
4 45
4 97
4 101
4 180
4 357
4 432
5 160
5 173
5 176
5 190
5 212
5 316
5 339
5 382
6 26
6 35
6 40
6 83
6 132
6 146
6 247
6 252
6 264
6 290
6 338
7 24
7 55
7 85
7 348
8 47
8 128
8 208
8 244
8 355
8 430
8 439
9 15
9 187
9 312
9 331
9 336
9 417
10 166
10 175
10 228
10 263
10 264
10 287
10 325
11 46
11 71
11 87
11 115
11 304
11 329
11 368
11 451
12 29
12 33
12 43
12 52
12 88
12 157
12 220
12 242
13 38
13 45
13 134
13 152
13 249
13 333
13 358
14 60
14 120
14 253
14 309
14 312
14 338
14 366
15 37
15 67
15 73
15 185
15 226
15 236
15 385
16 55
16 125
16 153
16 250
16 422
17 19
17 174
17 191
17 237
17 246
17 310
17 423
17 432
17 449
18 49
18 55
18 64
18 200
18 242
18 263
18 323
18 447
18 461
19 47
19 233
19 276
19 407
20 52
20 73
20 110
20 111
20 138
20 314
20 362
21 177
21 261
21 317
21 348
22 28
22 103
22 248
22 321
22 334
22 375
22 386
22 415
23 332
23 368
23 422
24 48
24 54
24 58
24 126
24 162
24 322
25 40
25 192
25 313
25 385
26 76
26 198
26 388
26 421
26 457
27 46
27 67
27 84
27 92
27 169
27 277
27 474
27 476
28 38
28 55
28 256
28 308
29 104
29 137
29 146
29 149
29 454
30 152
30 236
30 337
31 38
31 54
31 80
31 165
31 263
31 312
31 386
32 77
32 363
33 114
33 136
33 140
33 174
34 45
34 72
34 109
34 196
34 331
34 450
34 494
35 37
35 110
35 140
35 167
35 241
35 245
35 421
36 48
36 117
36 171
36 190
36 194
36 213
36 260
36 299
36 351
37 126
37 183
37 199
37 238
37 290
37 324
37 356
37 357
37 464
38 185
38 232
39 47
39 297
39 305
39 345
39 450
40 54
40 96
40 387
41 143
41 280
41 456
42 53
42 136
42 376
43 346
43 357
43 389
44 197
45 195
45 301
45 413
46 184
46 206
46 341
47 354
47 367
47 400
48 174
48 391
48 444
49 122
49 167
49 300
50 98
50 144
50 182
50 270
50 320
51 72
51 271
51 347
52 270
52 288
52 349
53 73
53 104
53 138
53 162
53 246
54 77
54 124
54 225
54 347
54 425
55 71
55 86
55 94
55 97
55 114
55 135
55 139
55 298
55 469
56 120
56 290
56 325
57 77
57 89
57 220
57 318
58 206
58 255
59 201
59 312
60 167
60 184
60 251
60 416
61 236
62 74
62 104
62 339
62 353
62 385
63 389
63 442
64 236
64 285
65 113
65 130
65 204
65 263
66 85
66 419
67 126
67 161
67 190
67 232
68 91
68 99
68 117
68 353
69 78
69 203
69 252
70 82
70 169
70 427
71 306
72 74
73 93
73 149
73 282
74 364
75 142
76 239
76 278
78 94
78 96
79 84
79 98
79 140
79 142
79 249
80 193
80 336
82 101
82 195
82 318
82 328
83 342
84 152
84 271
84 293
84 341
84 366
85 126
86 98
86 121
86 161
86 175
86 423
86 434
87 169
87 427
88 254
88 293
89 160
90 101
91 138
91 169
92 197
93 118
94 142
96 109
96 190
97 232
97 306
97 417
98 153
98 194
98 263
99 155
101 130
101 274
102 144
102 166
102 239
103 115
103 322
104 221
104 297
105 322
106 109
106 159
106 312
107 284
108 142
108 376
109 387
110 335
111 119
111 363
111 404
113 179
113 331
113 354
114 177
116 181
116 387
117 233
117 241
117 314
117 355
118 147
118 230
118 235
118 368
119 143
119 146
122 127
123 163
124 126
124 163
124 318
126 162
126 236
126 238
127 275
129 178
131 135
132 156
133 135
133 210
133 245
133 315
134 139
134 216
135 256
136 154
136 174
136 223
137 346
139 212
139 243
139 278
139 287
142 245
142 265
143 229
144 234
144 237
144 285
145 154
145 220
146 269
147 210
149 258
149 268
149 325
150 244
150 254
152 162
156 267
158 280
164 266
164 275
165 271
166 171
168 279
169 289
169 346
170 207
170 348
171 192
175 231
176 225
177 179
179 205
185 197
185 224
186 196
188 204
188 249
190 208
191 259
196 204
198 311
201 289
206 261
210 279
211 212
211 252
214 250
222 270
223 286
231 248
232 275
251 279
