507 327
0 325
0 503
1 217
2 12
3 145
4 72
4 277
5 146
5 300
6 421
7 210
8 134
9 105
9 374
10 371
11 478
12 225
13 120
13 411
14 329
15 91
16 18
17 54
17 225
18 95
19 93
20 42
21 407
22 194
22 291
23 192
24 141
25 326
26 182
27 322
27 411
28 498
29 40
29 168
29 426
30 379
31 418
32 159
33 283
33 389
34 109
34 143
34 173
35 88
35 287
36 153
36 356
37 367
38 142
39 271
39 411
40 205
40 300
41 279
42 160
43 175
43 184
43 263
44 474
45 462
46 254
47 435
48 444
49 220
50 163
50 469
51 317
52 148
52 156
53 347
55 182
55 506
56 340
57 125
57 138
58 84
58 100
59 119
60 332
61 66
61 268
62 287
63 79
63 147
63 235
63 242
63 449
64 499
65 71
66 295
67 68
68 247
69 109
69 496
70 261
70 483
71 502
72 454
73 413
74 386
75 306
76 501
77 204
78 240
78 391
79 297
80 366
81 228
82 319
82 344
83 136
83 452
84 332
85 166
85 350
86 302
87 243
88 196
89 208
90 352
91 221
91 405
92 342
93 322
94 106
94 110
95 496
96 504
97 179
98 403
99 451
100 251
101 171
102 406
103 125
104 361
106 164
106 183
107 313
108 252
108 260
108 431
111 446
112 120
113 305
114 323
114 334
115 129
115 300
115 320
116 301
116 346
117 385
118 177
118 237
119 171
119 193
121 145
121 279
122 166
123 203
124 349
125 188
125 398
126 356
127 155
127 383
128 150
130 137
130 185
130 243
131 285
132 303
133 363
134 154
135 260
136 258
137 141
137 181
137 482
138 318
139 465
140 143
142 287
144 378
145 246
148 196
148 502
149 490
150 281
151 371
152 442
153 226
154 281
154 384
155 211
155 272
157 395
158 494
159 475
160 505
161 200
161 269
161 311
162 467
165 335
167 168
168 293
169 174
170 396
171 218
172 283
173 225
174 322
176 245
176 289
176 299
178 206
178 309
179 293
180 500
181 199
183 311
184 317
185 321
186 189
187 390
189 206
190 249
190 260
191 278
192 275
192 295
192 315
193 216
193 348
194 202
194 409
195 498
196 306
197 307
198 405
200 349
201 245
203 230
204 208
204 446
207 488
209 298
210 374
211 324
212 360
213 252
214 440
215 362
217 374
219 239
220 252
222 234
223 471
224 409
226 294
227 504
228 425
229 239
230 491
231 234
231 286
232 277
233 404
236 348
237 439
238 245
239 382
241 470
244 345
246 263
247 475
248 316
250 471
251 256
253 297
253 307
254 331
255 349
257 377
259 330
262 439
264 317
264 358
265 350
266 383
267 340
268 349
270 391
273 495
274 482
276 327
278 323
280 462
282 386
284 299
284 304
285 431
286 309
286 319
287 313
288 326
290 371
292 371
296 425
298 308
302 478
303 491
304 492
305 393
308 362
310 418
312 342
314 412
326 472
327 340
