450 262
0 74
0 105
0 129
1 154
2 103
2 221
3 262
4 108
4 231
5 235
5 260
6 422
7 334
8 132
8 193
9 166
10 11
10 20
10 189
10 228
11 218
12 172
13 298
14 41
14 61
14 331
15 62
15 141
15 188
16 113
17 165
17 403
18 35
18 64
18 290
19 209
21 83
21 253
22 356
23 100
24 48
24 95
25 155
26 82
27 248
28 349
29 120
29 171
30 97
30 354
31 103
31 158
32 407
33 191
34 131
34 155
35 53
35 154
36 237
36 270
37 133
38 108
39 242
39 421
40 62
42 362
43 346
44 171
45 181
46 157
47 347
49 381
50 173
50 427
51 278
52 79
52 174
54 98
54 347
55 169
55 232
56 171
57 64
58 244
59 129
59 191
60 416
63 422
64 177
65 212
66 83
66 104
66 163
67 125
67 179
67 182
68 296
69 312
70 72
70 90
71 271
73 340
74 160
75 381
76 96
76 134
77 100
77 228
78 204
78 248
79 241
80 176
81 89
81 287
82 147
82 425
83 248
84 188
85 92
85 135
85 214
86 105
86 156
86 215
87 306
88 291
90 191
90 220
90 353
91 107
91 222
91 225
92 160
93 255
94 232
96 152
99 162
99 411
101 155
101 185
102 270
103 235
104 342
106 141
107 180
108 361
109 325
110 120
110 293
111 130
112 443
113 346
114 258
114 310
115 142
115 153
115 391
116 117
116 377
117 216
118 268
119 127
121 231
122 139
122 317
123 262
124 273
125 422
126 161
127 402
128 260
128 262
129 169
130 181
130 323
131 194
131 259
133 151
133 222
136 410
137 250
137 393
138 389
140 273
142 230
143 228
144 413
145 265
146 282
148 159
148 243
149 194
149 234
150 198
151 186
152 183
153 183
154 184
157 292
159 327
161 282
164 380
166 422
167 198
168 266
170 282
172 417
175 441
176 240
176 246
178 206
178 211
183 208
184 197
185 203
187 332
188 251
188 344
189 319
190 231
190 246
192 286
193 338
194 326
195 289
196 409
198 278
199 211
199 236
199 410
200 201
201 427
202 374
203 210
205 439
207 404
209 257
210 213
212 367
217 337
219 257
221 321
222 433
223 339
224 381
226 378
227 442
229 362
233 343
238 393
239 323
241 319
244 347
245 255
245 329
247 440
249 361
252 290
254 265
256 396
257 272
261 396
