784 783
0 54
0 62
0 105
0 229
0 240
0 311
0 353
0 402
0 432
0 525
0 534
0 564
0 591
0 688
0 757
1 18
1 24
1 29
1 47
1 48
1 68
1 140
1 150
1 282
1 445
1 447
1 449
1 466
1 504
1 657
1 750
2 13
2 110
2 129
2 170
2 185
2 204
2 246
2 251
2 423
2 439
2 457
2 521
2 615
3 9
3 189
3 228
3 230
3 231
3 239
3 319
3 327
3 349
3 412
3 464
3 466
3 480
3 554
3 577
3 588
3 599
3 661
3 697
4 105
4 158
4 167
4 222
4 445
4 458
4 479
4 555
4 696
4 720
5 104
5 122
5 148
5 172
5 228
5 280
5 339
5 361
5 418
5 445
5 462
5 573
5 619
6 7
6 24
6 51
6 183
6 188
6 198
6 251
6 322
6 545
6 548
6 603
7 15
7 28
7 127
7 181
7 182
7 241
7 248
7 254
7 271
7 303
7 317
7 333
7 376
7 450
7 483
7 530
7 531
7 633
8 58
8 81
8 147
8 178
8 193
8 242
8 336
8 417
8 453
8 515
8 521
8 606
8 739
9 54
9 131
9 175
9 321
9 430
9 501
10 16
10 50
10 260
10 306
10 352
10 404
10 433
10 632
10 665
10 670
11 27
11 68
11 70
11 208
11 236
11 265
11 364
11 438
11 577
11 667
11 715
12 111
12 375
12 383
12 425
12 567
12 600
12 769
13 148
13 191
13 220
13 430
13 468
13 599
13 638
14 40
14 220
14 253
14 285
14 345
14 367
14 450
14 484
15 114
15 346
15 367
15 437
15 442
15 447
15 459
15 466
15 540
15 621
15 636
15 651
16 59
16 82
16 94
16 148
16 289
16 329
17 33
17 96
17 173
17 246
17 315
17 488
17 567
17 597
17 658
18 77
18 97
18 121
18 264
18 333
18 547
18 579
19 23
19 37
19 42
19 74
19 100
19 129
19 159
19 174
19 215
19 294
19 368
19 524
19 534
20 26
20 33
20 40
20 116
20 461
20 618
20 658
20 713
21 126
21 205
21 217
21 228
21 237
21 303
21 336
22 52
22 68
22 173
22 249
22 260
23 50
23 89
23 103
23 143
23 249
23 253
23 421
23 485
23 501
23 566
23 649
23 712
24 30
24 67
24 122
24 176
24 385
24 490
24 518
24 694
25 101
25 120
25 147
25 189
25 196
25 228
25 277
25 283
26 71
26 92
26 101
26 127
26 149
26 212
26 246
26 339
26 348
26 466
27 82
27 114
27 230
27 240
27 441
27 480
27 658
27 717
28 130
28 309
28 315
28 637
28 704
28 707
29 168
29 226
29 271
29 414
29 561
30 148
30 262
30 338
30 400
31 58
31 141
31 167
31 241
31 312
31 382
31 494
31 587
31 714
32 94
32 110
32 352
32 359
32 571
32 691
33 123
33 135
33 224
33 301
33 420
33 464
33 470
33 501
33 629
33 678
34 56
34 99
34 143
34 190
34 353
34 455
34 555
35 91
35 317
35 339
35 519
35 590
35 689
36 53
36 68
36 77
36 107
36 268
36 283
36 360
36 523
36 775
37 68
37 278
37 645
38 174
38 225
38 234
38 267
38 335
38 578
39 52
39 85
39 123
39 135
39 153
39 225
39 329
39 367
39 463
39 470
39 487
39 630
39 773
40 99
40 280
40 368
40 390
40 448
40 520
40 583
41 126
41 149
41 251
41 371
41 427
41 507
42 98
42 288
42 331
42 358
42 424
42 580
42 619
42 731
43 146
43 187
43 271
43 595
43 664
44 51
44 52
44 63
44 84
44 94
44 102
44 288
44 313
44 369
44 397
44 416
45 74
45 257
45 302
45 412
46 65
46 89
46 92
46 441
46 444
46 489
46 557
46 558
47 62
47 83
47 134
47 246
47 731
48 129
48 228
48 319
48 685
49 56
49 94
49 122
49 218
49 309
49 500
49 680
50 107
50 141
50 245
50 296
50 605
51 114
51 277
51 380
51 431
52 60
52 379
52 398
52 477
53 136
53 245
53 258
53 365
54 78
54 116
54 158
54 206
54 303
54 332
54 350
54 415
54 662
55 173
55 234
55 353
55 385
55 541
55 714
55 717
56 155
56 347
56 380
56 511
56 607
57 68
57 229
57 231
57 283
57 383
57 462
57 537
58 89
58 138
58 179
58 193
58 277
58 318
58 342
58 656
58 677
58 713
59 191
59 282
59 408
59 570
60 125
60 324
60 539
60 555
61 85
61 114
61 125
61 431
61 543
61 683
62 169
62 263
62 441
62 553
63 172
63 298
63 332
63 356
63 547
63 566
63 642
64 175
64 185
64 210
64 339
64 626
65 177
65 320
65 431
65 440
65 460
65 461
65 609
65 782
66 72
66 138
66 165
66 225
66 297
66 342
66 418
66 466
66 737
67 118
67 221
67 562
67 574
67 777
68 130
69 312
69 734
70 78
70 158
70 166
70 167
70 169
70 170
70 465
70 493
70 650
71 138
71 177
71 191
71 339
71 395
71 408
71 479
71 485
71 670
72 157
72 169
72 205
72 378
73 74
73 148
73 463
73 500
74 95
74 176
74 233
74 255
74 300
74 304
74 355
74 404
74 422
74 486
74 652
75 310
75 384
75 423
75 516
76 114
76 161
76 196
76 259
77 294
77 425
78 391
78 612
78 658
78 693
79 144
79 407
79 597
79 627
80 93
80 503
81 178
81 332
81 485
81 569
82 204
82 420
82 685
83 94
83 133
83 158
83 397
83 504
83 540
83 607
84 85
84 136
84 407
84 442
85 344
85 349
85 415
85 742
86 137
86 223
86 312
86 389
86 467
87 156
87 258
87 378
87 437
87 546
87 587
87 680
88 131
88 538
88 539
88 553
89 207
89 238
89 353
89 478
89 480
90 95
90 132
90 451
90 465
90 498
90 549
91 191
91 283
91 488
91 687
92 120
92 388
92 559
92 591
92 641
92 741
92 759
93 244
93 297
93 586
93 707
94 178
94 216
94 280
94 292
94 485
94 564
95 172
95 262
95 420
95 526
95 551
95 648
96 109
96 178
96 264
96 265
96 377
96 402
96 463
96 545
96 557
96 577
97 358
97 430
97 575
98 330
98 566
99 369
99 575
99 626
100 295
100 323
100 384
100 448
100 480
101 244
101 576
102 109
102 294
102 303
102 385
102 702
103 163
103 192
103 247
103 421
103 502
103 609
104 299
104 311
104 451
104 475
104 487
104 503
104 548
105 130
105 188
105 324
105 330
105 417
105 445
105 526
105 745
106 119
106 143
106 341
106 569
107 134
107 228
107 318
108 147
108 260
108 485
108 765
109 198
109 201
109 289
109 298
109 317
109 458
110 412
110 416
110 472
110 596
111 124
111 136
111 160
111 197
111 596
111 642
112 209
112 263
112 670
113 114
113 233
114 218
114 287
114 495
114 588
114 699
115 143
115 200
115 406
115 734
116 133
116 275
116 298
116 302
116 320
116 321
116 422
116 436
116 511
116 515
117 474
117 690
118 255
118 379
119 212
119 355
119 716
120 139
120 307
120 434
120 508
121 161
121 309
121 393
121 428
121 755
122 179
122 217
122 254
122 685
123 179
123 196
123 501
124 126
124 185
124 328
124 588
124 726
125 129
125 159
125 225
125 303
125 489
125 641
125 700
126 352
126 385
126 489
127 173
127 473
127 696
128 167
128 220
128 249
128 251
128 340
128 524
128 635
129 177
129 505
130 138
130 264
130 424
130 449
130 486
131 154
131 158
131 502
131 509
131 654
131 677
132 358
132 542
133 733
134 262
134 325
134 568
135 256
135 318
135 475
135 522
135 680
135 760
136 245
136 466
136 659
136 673
137 185
137 322
137 357
137 392
138 335
138 470
138 589
139 176
139 190
139 738
140 293
140 425
141 189
141 379
141 390
141 536
141 606
141 779
142 143
142 283
142 640
142 724
143 196
143 288
143 698
144 307
144 330
145 181
145 251
145 483
146 656
147 271
147 414
147 619
147 783
148 458
149 169
149 200
149 315
150 162
150 512
150 579
151 180
151 307
151 309
151 327
151 539
151 540
152 241
152 341
152 444
152 520
153 210
153 236
153 297
153 572
153 757
154 182
154 345
154 751
155 158
155 212
155 252
155 323
156 159
156 449
156 569
157 176
157 190
157 314
157 456
157 582
158 189
160 465
160 470
162 307
162 310
162 344
162 359
162 364
163 373
163 422
163 469
163 481
164 182
164 269
164 457
164 541
165 178
165 286
165 303
165 383
165 424
165 693
166 184
166 239
166 444
166 604
166 629
167 530
167 577
168 323
168 512
169 218
169 287
169 393
169 412
169 445
170 372
170 747
171 224
171 321
171 322
171 712
171 763
172 326
172 460
172 720
172 749
173 506
174 225
174 360
175 251
175 409
176 279
177 304
177 640
178 242
178 368
178 578
178 639
179 615
179 777
180 335
180 340
180 510
180 560
180 608
180 699
181 398
181 453
181 489
182 422
182 730
184 240
184 608
185 360
185 486
186 218
186 490
187 285
187 495
188 222
188 426
188 567
189 213
189 243
189 352
189 464
189 756
190 250
190 262
190 304
190 348
190 521
190 747
191 247
191 325
191 461
191 532
191 577
192 219
192 548
193 399
193 511
194 220
194 438
195 207
196 219
196 371
196 549
197 227
197 240
197 408
197 593
198 300
199 219
199 407
200 273
200 398
200 598
201 243
201 435
202 304
202 310
202 525
202 697
203 418
203 766
204 329
204 333
204 378
205 285
205 350
206 258
206 321
206 439
206 692
206 702
206 752
207 224
207 311
207 389
208 209
208 238
208 607
209 274
209 353
209 771
210 749
211 375
211 445
211 537
211 539
212 392
212 457
212 495
213 473
213 742
214 637
215 220
215 254
215 533
215 613
215 722
216 256
216 367
217 379
217 421
217 452
218 394
218 445
218 539
219 221
220 339
220 385
220 468
220 484
221 271
221 282
221 290
221 411
222 229
222 420
222 514
223 423
223 600
224 677
226 275
226 304
226 572
226 707
227 297
227 522
228 276
228 279
228 282
228 299
228 330
228 340
228 580
230 245
230 289
230 318
230 451
230 526
231 261
231 526
231 695
232 439
232 499
232 554
232 562
233 495
233 552
234 257
234 723
235 465
235 752
236 339
237 576
237 609
238 402
238 618
239 320
240 438
240 527
240 534
240 565
241 391
241 670
243 261
243 300
243 405
244 288
244 419
245 272
245 389
245 406
245 689
246 462
246 565
248 471
249 371
250 362
250 441
251 330
252 412
252 548
253 343
253 492
254 354
254 728
255 311
255 342
256 270
256 363
257 669
258 357
258 556
258 563
258 770
259 262
259 556
260 420
260 461
261 297
261 463
262 647
263 400
263 435
263 572
264 466
265 704
266 761
267 284
267 356
267 439
267 675
268 449
269 402
269 611
271 604
271 656
272 411
272 626
272 660
273 744
274 399
274 459
274 705
275 449
275 572
275 677
276 562
277 397
277 595
278 380
278 607
278 725
279 738
280 418
280 563
281 631
282 548
283 317
283 353
283 641
284 610
284 737
285 433
286 292
286 402
286 415
286 766
287 298
288 404
288 477
289 607
290 309
291 323
291 420
291 599
293 516
293 737
293 772
294 365
295 750
296 299
296 486
296 583
298 711
298 758
301 350
302 333
302 338
303 455
304 341
304 558
305 385
305 399
305 664
306 582
308 361
308 715
310 392
310 733
311 361
313 670
314 501
314 683
314 693
316 366
316 458
316 697
317 400
317 566
317 688
318 401
320 586
321 430
322 690
325 442
325 738
327 549
328 618
329 504
330 336
330 395
331 778
332 341
332 543
333 493
334 395
334 418
335 493
335 750
336 717
337 375
338 627
338 693
338 782
339 362
341 348
341 460
342 451
342 736
343 781
344 518
345 365
346 668
347 400
347 754
348 357
348 601
349 617
350 723
350 776
351 410
351 455
353 598
353 768
354 748
355 594
355 735
355 747
356 724
358 637
359 432
359 711
365 707
365 708
366 393
366 568
366 748
368 403
368 684
368 716
369 595
370 424
371 394
371 527
372 740
374 700
375 469
375 496
376 686
377 433
378 413
380 476
381 701
382 575
382 735
383 707
384 564
386 501
387 573
388 552
389 449
389 455
390 761
391 593
393 739
394 674
395 524
396 612
397 740
398 579
399 428
399 655
400 636
401 693
403 562
406 429
406 547
408 527
409 416
409 417
409 625
414 436
415 602
415 668
419 558
419 582
421 433
421 459
421 722
421 746
422 709
422 710
423 565
424 475
427 680
432 507
432 659
434 546
436 589
437 714
438 600
438 694
439 462
441 481
442 548
443 762
444 606
444 724
445 456
445 545
445 676
446 716
447 587
450 453
452 476
452 763
454 618
455 591
456 574
457 471
458 753
460 494
460 584
464 499
467 490
468 498
469 773
472 559
474 498
474 557
475 714
476 644
478 614
479 634
480 775
481 638
481 705
481 728
482 487
482 592
483 647
484 531
486 752
486 767
487 571
490 508
490 661
491 500
492 538
492 629
494 585
494 665
497 763
502 519
502 617
502 782
503 623
503 652
504 778
506 521
506 634
507 588
508 603
508 727
509 666
510 571
511 710
512 588
513 518
513 605
517 578
518 573
522 567
523 531
524 600
524 635
528 662
529 532
535 693
540 575
543 588
544 675
545 762
546 563
549 706
550 698
550 732
552 687
553 644
554 624
556 568
560 615
561 701
563 721
564 663
566 780
570 753
579 694
581 774
583 653
584 681
584 714
584 748
586 678
588 691
590 593
596 597
599 774
603 693
609 633
612 701
612 755
616 722
617 716
619 738
620 763
621 708
622 659
622 679
625 631
625 733
626 715
628 635
630 694
632 696
641 671
643 742
644 747
645 781
646 719
646 752
647 672
649 757
655 761
661 670
666 722
669 711
678 741
682 725
682 744
684 689
685 703
692 706
699 727
704 754
709 771
710 752
718 767
719 729
743 750
752 764
768 777
