604 603
0 154
0 166
0 184
0 189
0 312
0 358
0 361
0 445
0 460
0 492
0 535
0 572
1 85
1 87
1 143
1 172
1 208
1 230
1 260
1 278
1 357
1 459
1 488
1 531
2 26
2 197
2 221
2 263
2 351
2 430
2 458
3 26
3 98
3 99
3 165
3 169
3 202
3 228
3 234
3 362
3 366
3 371
3 485
3 553
4 10
4 113
4 116
4 172
4 200
4 345
4 423
4 465
4 532
5 82
5 177
5 236
5 314
5 402
5 441
6 27
6 64
6 190
6 291
6 331
6 356
6 579
7 23
7 49
7 63
7 150
7 178
7 210
7 280
7 440
7 511
8 28
8 33
8 95
8 165
8 218
8 220
8 349
8 472
8 550
9 154
9 161
9 162
9 199
9 446
9 451
9 495
10 42
10 138
10 143
10 235
10 236
10 256
10 260
10 273
10 335
10 378
10 462
10 485
11 151
11 227
11 411
11 440
12 38
12 173
12 239
13 22
13 76
13 257
13 394
13 445
13 475
14 123
14 202
14 256
14 301
14 341
14 368
14 392
15 98
15 266
15 335
15 473
15 517
16 57
16 84
16 276
16 322
17 51
17 61
17 68
17 174
17 199
17 291
17 322
18 19
18 38
18 133
18 253
18 364
18 387
19 77
19 117
19 216
19 262
19 283
19 285
20 110
20 247
20 374
20 419
20 487
20 545
21 30
21 38
21 99
21 199
21 259
21 520
22 31
22 60
22 116
22 215
22 217
22 288
22 307
23 76
23 186
23 267
23 329
23 362
23 368
23 495
24 46
24 154
24 181
24 307
24 322
24 500
25 98
25 100
25 130
25 477
26 161
26 223
26 305
26 306
26 329
26 338
26 436
26 456
27 43
27 61
27 113
27 343
28 30
28 109
28 201
29 50
29 64
29 81
29 110
29 314
30 67
30 140
30 192
30 202
30 230
30 362
30 363
30 438
31 79
31 94
31 104
31 122
31 242
31 306
31 380
32 332
32 432
32 459
32 516
33 251
33 317
33 440
34 40
34 77
34 190
34 248
34 275
34 385
34 464
36 92
36 238
36 443
36 458
36 484
37 42
37 132
37 409
38 51
38 473
39 106
39 109
39 128
39 231
39 300
39 343
39 384
39 503
40 188
40 394
40 400
40 409
40 512
41 49
41 69
41 335
41 420
42 124
42 155
42 230
43 110
43 175
43 250
43 399
43 492
44 54
44 66
44 132
44 204
44 280
44 409
44 492
45 78
45 275
45 370
45 382
46 106
46 200
46 299
46 333
46 420
47 510
48 129
48 146
48 240
48 424
49 59
49 93
50 224
50 457
51 80
51 216
51 279
51 332
51 437
51 495
54 74
54 225
54 288
54 416
55 106
55 173
55 224
55 243
55 289
55 316
55 321
55 372
55 406
56 81
56 135
56 201
56 272
57 63
57 101
57 103
57 112
57 128
57 449
58 75
58 82
58 112
58 147
58 195
58 332
59 175
59 287
59 307
59 412
59 504
60 156
60 175
60 232
60 272
60 286
60 318
60 368
60 409
60 453
60 496
61 168
61 175
61 259
61 303
61 349
62 73
62 143
62 222
62 235
62 360
63 317
63 319
64 75
64 239
64 271
64 335
65 136
65 251
66 142
66 189
67 91
67 131
67 213
68 162
68 180
68 213
68 450
69 78
69 80
69 156
69 490
70 103
70 230
70 325
71 194
71 257
71 442
72 76
72 185
73 132
73 408
75 121
76 148
76 163
77 125
77 162
77 327
78 224
78 276
79 111
79 244
80 183
80 191
81 125
81 166
81 206
81 413
81 432
82 124
82 231
83 116
83 134
83 178
83 208
83 281
83 298
83 459
85 145
85 151
85 297
85 403
86 132
86 149
86 164
86 189
86 303
87 109
87 118
87 154
87 328
88 144
88 201
88 345
88 403
90 94
91 144
91 145
91 270
92 141
93 141
94 99
95 206
95 228
95 284
96 154
97 226
97 256
98 106
98 196
99 270
100 133
100 246
100 351
100 467
101 258
101 373
102 230
102 252
103 158
103 238
103 321
103 359
104 128
104 270
104 305
105 106
105 116
105 123
105 145
105 171
105 292
105 301
106 203
106 220
106 286
106 319
107 235
107 445
108 223
109 133
109 292
110 189
111 365
112 134
112 180
112 405
113 126
113 159
113 188
113 275
114 216
116 161
117 121
117 137
118 278
119 139
120 211
120 214
120 347
120 371
121 143
121 198
122 272
122 316
124 149
124 295
125 131
125 212
125 297
126 317
128 191
128 253
129 190
129 199
129 305
130 184
131 220
131 342
132 373
134 184
135 244
138 257
139 177
139 211
139 247
140 268
140 359
141 167
141 177
142 398
143 305
143 389
143 423
145 348
146 285
146 316
147 159
147 183
148 151
148 277
149 292
150 357
152 279
154 244
154 256
154 306
155 254
156 207
157 179
158 188
158 237
159 256
159 330
161 239
161 264
162 262
162 323
164 169
164 211
166 202
167 319
168 201
170 219
170 308
175 212
175 248
176 242
176 327
177 217
178 187
178 212
178 277
178 299
179 340
180 229
181 210
181 274
181 368
183 243
189 326
194 217
194 242
200 317
201 225
203 245
209 325
210 302
216 271
216 299
219 336
224 267
224 322
235 288
236 237
243 245
249 272
252 319
255 285
257 286
264 274
269 290
272 288
293 297
