421 144
0 79
0 273
1 307
2 72
3 317
4 156
5 77
6 23
7 232
8 60
8 220
9 143
10 181
11 209
12 206
13 173
15 389
16 74
16 278
17 257
18 409
19 158
20 394
21 53
22 138
23 357
24 257
25 247
26 233
27 81
27 126
27 276
28 350
29 117
30 382
31 81
32 136
32 242
33 173
34 409
35 209
36 140
37 391
38 44
39 381
40 69
41 262
42 78
43 104
43 181
44 407
45 173
46 57
46 329
47 358
48 386
49 71
49 280
50 387
51 415
52 160
53 160
54 120
54 212
55 310
56 68
57 91
58 73
59 117
60 82
61 336
62 124
63 144
64 111
65 211
66 283
67 129
68 140
69 378
70 407
72 133
73 141
75 343
76 102
77 208
78 310
80 279
83 122
83 277
84 179
85 234
86 283
87 261
88 195
89 299
90 367
92 272
93 203
94 396
95 407
96 132
96 157
97 226
98 99
98 126
100 414
101 295
102 278
103 246
105 178
106 118
106 265
107 193
108 126
109 160
110 295
111 335
112 268
114 132
115 371
116 213
117 267
119 295
121 142
121 371
123 125
125 199
127 344
128 273
129 375
130 149
131 173
133 137
133 259
134 344
135 159
138 373
139 297
140 164
141 185
143 232
144 200
145 289
146 359
