731 730
0 44
0 53
0 129
0 168
0 183
0 210
0 225
0 240
0 299
0 502
0 511
1 9
1 21
1 57
1 63
1 361
1 425
1 532
1 551
1 684
2 17
2 35
2 147
2 162
2 166
2 178
2 188
2 238
2 277
2 376
2 464
2 722
3 13
3 65
3 103
3 270
3 273
3 380
3 499
3 538
3 545
3 615
4 59
4 87
4 179
4 272
4 286
4 309
4 520
5 11
5 76
5 109
5 122
5 192
5 397
5 402
5 413
5 467
5 477
5 493
5 625
6 156
6 170
6 241
6 361
6 449
6 525
6 701
7 12
7 13
7 25
7 37
7 38
7 82
7 130
7 260
7 336
7 536
7 539
7 586
7 595
8 88
8 91
8 175
8 193
8 197
8 290
8 358
8 504
8 524
8 588
8 652
9 68
9 115
9 161
9 285
9 328
9 470
9 689
10 12
10 16
10 107
10 227
10 302
10 356
10 438
10 449
10 517
10 560
10 562
10 576
10 588
11 83
11 150
11 194
11 275
11 302
11 423
11 596
11 654
12 56
12 124
12 131
12 211
12 216
12 632
12 664
13 29
13 64
13 115
13 150
13 178
13 183
13 250
13 296
13 344
13 369
13 388
13 418
13 466
14 95
14 131
14 198
14 266
14 323
14 641
15 31
15 47
15 49
15 114
15 127
15 204
15 456
15 537
16 34
16 104
16 134
16 261
16 376
16 379
17 248
17 249
17 343
17 488
17 600
18 67
18 76
18 95
18 101
18 145
18 210
18 262
18 315
18 377
18 415
19 39
19 57
19 65
19 118
19 167
19 267
19 296
19 445
19 525
20 153
20 248
20 337
20 363
20 443
20 649
20 651
20 655
21 44
21 80
21 108
21 116
21 214
21 259
21 310
21 358
21 437
21 519
22 34
22 36
22 243
22 409
22 491
22 494
22 572
23 29
23 210
23 247
23 409
23 594
24 48
24 188
24 363
25 49
25 89
25 226
25 314
25 543
26 76
26 190
26 229
26 371
26 519
27 65
27 90
27 112
27 113
27 185
27 288
27 352
28 58
28 328
28 405
28 661
29 65
29 109
29 114
29 141
29 172
29 249
29 298
30 54
30 141
30 429
30 437
31 319
32 37
32 207
32 268
32 278
32 434
32 465
33 308
34 38
34 47
34 83
34 162
34 576
35 48
35 86
35 95
35 122
35 196
36 99
36 135
36 212
36 219
36 316
36 322
37 87
37 165
37 471
38 67
38 109
38 191
38 265
38 342
38 465
38 499
38 513
38 590
39 53
39 136
39 336
39 458
40 104
40 138
40 227
40 322
40 427
40 513
40 527
40 578
41 98
41 156
41 166
41 305
41 378
41 514
42 70
42 96
42 160
42 256
42 284
42 324
42 345
43 69
43 112
43 390
43 469
43 522
44 66
44 129
44 542
44 553
44 562
45 120
45 268
45 341
45 398
45 487
45 517
46 56
46 59
46 64
46 147
46 182
46 203
46 205
46 548
47 79
47 105
47 194
47 234
47 293
47 338
47 382
47 424
48 90
48 101
48 383
48 385
48 469
48 533
49 158
49 215
49 358
49 582
50 66
50 210
50 467
51 111
51 237
51 279
51 325
52 293
52 656
53 87
53 112
53 138
54 332
54 388
55 59
55 71
55 300
56 58
56 79
56 101
56 146
56 189
56 257
56 273
57 78
57 174
57 178
57 319
57 366
57 378
58 81
58 131
58 355
58 467
59 65
59 83
59 135
59 305
59 357
59 405
59 644
60 63
60 321
60 393
60 488
60 548
61 134
61 177
61 251
61 445
61 508
62 199
62 291
63 115
63 273
63 280
63 340
63 397
64 83
64 382
65 69
65 102
65 204
65 372
66 120
66 177
66 197
66 418
66 528
66 564
67 110
67 123
67 244
67 331
67 438
67 480
67 496
68 169
68 226
68 520
68 527
69 293
69 308
69 563
70 230
70 268
71 87
71 110
71 276
72 110
72 209
73 113
73 124
74 170
74 274
74 275
75 139
75 192
75 235
75 267
75 396
75 637
76 78
76 81
76 148
76 176
76 177
76 179
76 384
76 424
76 496
77 110
77 180
77 195
77 301
77 365
77 403
77 408
78 165
79 92
79 396
79 450
80 490
81 232
82 83
82 103
83 99
83 248
83 481
84 168
84 243
84 289
84 376
85 349
85 353
86 115
86 145
86 440
87 88
88 148
88 187
88 312
88 596
89 115
90 221
90 340
90 462
91 211
91 260
91 379
91 507
92 138
92 300
92 431
92 535
93 134
93 336
93 355
94 234
95 163
95 229
95 402
96 294
96 324
96 532
97 237
98 178
98 286
98 314
98 584
99 166
99 168
99 232
99 238
100 103
101 116
101 450
102 439
103 125
103 130
103 209
103 223
103 386
103 607
104 357
104 395
105 162
105 290
106 160
106 249
106 337
106 461
106 486
106 498
107 211
107 230
108 378
108 480
108 505
109 141
109 149
109 458
111 242
111 379
111 515
112 119
112 230
112 407
113 205
113 356
114 188
114 189
114 209
115 180
116 135
116 290
116 418
117 304
117 399
118 243
118 420
118 494
119 129
119 172
119 194
120 161
120 248
121 130
121 222
121 420
123 132
123 185
123 214
123 263
123 329
123 428
125 500
126 257
126 312
126 595
128 270
129 136
129 464
130 151
130 177
130 203
131 145
131 182
131 325
131 463
133 189
133 262
133 318
135 274
136 532
137 345
138 404
138 544
139 213
140 300
141 184
141 382
144 460
145 168
145 396
146 147
147 243
148 215
151 160
151 440
155 380
155 408
158 484
159 225
159 312
159 461
160 169
160 315
161 246
161 411
163 281
166 235
167 224
167 469
167 539
168 208
168 262
170 236
170 252
170 319
171 455
172 216
172 463
173 212
174 194
175 179
175 396
175 469
177 207
178 192
179 183
179 283
179 292
180 218
181 380
181 480
183 277
183 283
183 312
186 192
188 197
188 258
189 247
189 405
190 272
190 339
190 387
191 265
193 382
194 276
194 406
195 436
196 220
197 223
199 278
200 426
201 413
203 223
204 257
208 223
208 403
209 424
211 214
213 289
213 484
214 274
214 495
215 232
216 287
219 344
219 408
221 269
223 463
227 320
228 248
229 248
231 276
234 386
235 413
236 274
237 330
242 380
244 370
249 274
250 369
252 349
254 286
260 277
260 363
269 366
271 289
277 365
278 393
288 305
290 318
293 341
296 347
305 322
307 342
309 314
311 317
335 345
