879 878
0 34
0 51
0 60
0 146
0 154
0 181
0 206
0 256
0 272
0 288
0 470
0 492
0 496
0 507
0 522
0 543
0 656
0 742
0 764
0 777
1 21
1 67
1 87
1 103
1 189
1 286
1 297
1 317
1 326
1 469
1 572
1 606
1 741
1 754
1 794
1 841
2 22
2 57
2 178
2 246
2 253
2 339
2 433
2 613
2 710
2 791
2 803
3 13
3 21
3 61
3 132
3 167
3 176
3 191
3 192
3 277
3 316
3 497
3 632
3 647
4 13
4 23
4 29
4 84
4 92
4 94
4 142
4 151
4 158
4 220
4 223
4 414
4 496
4 674
4 723
4 844
5 30
5 57
5 90
5 142
5 158
5 162
5 164
5 231
5 295
5 340
5 556
5 616
5 785
6 76
6 110
6 129
6 229
6 266
6 300
6 364
6 440
6 472
6 598
6 619
6 651
6 678
6 811
7 10
7 27
7 52
7 95
7 174
7 184
7 227
7 285
7 353
7 377
7 413
7 595
7 616
7 812
8 83
8 96
8 106
8 265
8 297
8 345
8 458
8 475
8 555
8 806
8 836
9 52
9 150
9 193
9 194
9 328
9 340
9 479
9 524
9 539
9 660
9 708
9 787
10 170
10 211
10 239
10 266
10 317
10 324
10 525
10 790
10 850
11 112
11 197
11 234
11 258
11 272
11 283
11 405
11 412
11 583
11 605
11 634
11 701
11 756
12 15
12 37
12 56
12 108
12 146
12 156
12 312
12 589
12 599
12 638
12 672
12 791
13 53
13 112
13 119
13 222
13 250
13 354
13 435
13 500
13 561
13 596
13 662
14 32
14 35
14 85
14 159
14 192
14 266
14 379
14 421
14 579
14 584
14 866
15 32
15 36
15 58
15 65
15 490
15 527
15 565
15 689
15 785
16 259
16 354
16 380
16 390
16 462
16 529
16 586
16 638
16 755
16 765
17 82
17 107
17 183
17 196
17 408
17 469
17 616
17 651
18 50
18 88
18 182
18 190
18 240
18 461
18 522
18 640
18 642
19 130
19 677
19 680
19 711
20 167
20 197
20 264
20 309
20 314
20 533
20 547
20 659
21 113
21 245
21 352
21 448
21 609
21 680
21 829
22 48
22 69
22 92
22 107
22 273
22 275
22 383
22 466
22 503
22 590
22 719
22 733
23 105
23 121
23 161
23 287
23 628
24 87
24 153
24 253
24 342
24 429
24 450
24 529
24 553
24 735
25 78
25 90
25 186
25 193
25 249
25 263
25 345
25 354
25 496
25 501
25 597
25 708
25 827
26 69
26 73
26 273
26 459
26 478
26 499
26 677
26 711
27 28
27 44
27 88
27 238
27 241
27 400
27 725
28 29
28 257
28 449
28 586
29 66
29 99
29 175
29 300
29 379
29 383
29 485
29 576
29 577
29 603
29 615
30 41
30 103
30 229
30 351
30 362
30 388
30 435
30 466
31 80
31 275
31 287
31 295
31 420
31 546
31 548
31 556
31 743
31 806
32 244
32 414
32 547
32 601
32 609
32 635
32 639
33 140
33 169
33 203
33 234
33 280
33 373
33 644
33 671
34 176
34 190
34 293
34 345
34 539
34 861
35 79
35 117
35 178
35 201
35 469
35 470
36 70
36 361
36 433
36 618
37 113
37 404
37 713
37 742
37 839
38 253
38 345
38 452
38 481
38 747
39 90
39 204
39 221
39 284
39 375
39 799
40 182
40 410
40 487
40 519
40 553
41 169
41 244
41 334
41 477
41 551
41 638
41 842
42 103
42 179
42 227
42 345
42 510
42 637
42 680
43 73
43 75
43 425
43 759
43 790
44 59
44 127
44 200
44 252
44 310
44 471
44 578
44 591
45 121
45 211
45 319
45 401
45 460
45 744
46 131
46 184
46 207
46 235
46 455
46 624
46 678
46 711
47 62
47 73
47 154
47 170
47 238
47 344
47 381
47 634
47 800
48 79
48 254
48 265
48 320
48 396
48 591
49 81
49 96
49 131
49 248
49 289
49 402
49 405
49 420
49 441
49 598
50 167
50 202
50 303
50 429
50 431
50 468
50 609
51 70
51 248
51 295
51 435
51 468
51 579
51 626
51 776
52 107
52 178
52 230
52 239
52 243
52 314
52 494
52 510
52 534
52 701
53 107
53 288
53 358
53 369
53 405
54 100
54 251
54 593
54 685
54 698
54 865
55 62
55 115
55 171
55 471
55 555
56 65
56 178
56 189
56 546
56 554
56 718
56 742
56 746
57 136
57 365
57 582
57 670
57 678
57 726
58 178
58 216
58 245
58 533
58 753
59 84
59 172
59 423
59 527
59 542
59 643
60 103
60 226
60 287
60 330
60 340
60 532
61 73
61 182
61 184
61 239
61 247
61 278
61 344
61 352
61 354
61 477
61 648
61 656
62 148
62 167
62 192
62 222
62 232
62 243
62 274
62 411
62 424
62 545
62 759
63 98
63 328
63 356
63 513
64 71
64 86
64 91
64 111
64 157
64 198
64 409
64 642
64 773
65 98
65 170
65 231
65 384
65 499
65 537
65 538
66 180
66 241
66 267
66 329
66 399
67 149
67 208
67 435
67 665
68 118
68 184
68 246
68 252
68 321
68 431
68 472
68 596
68 618
69 82
69 116
69 214
69 364
70 96
70 102
70 139
70 145
70 219
70 228
70 291
70 348
70 809
71 166
71 173
71 256
71 363
71 480
71 562
71 601
71 628
71 684
72 113
72 171
72 172
72 176
72 221
72 366
72 442
72 467
73 105
73 281
73 467
73 470
73 478
73 675
74 163
74 183
74 317
74 324
74 401
74 538
74 856
75 106
75 117
75 337
75 414
75 640
76 260
76 275
76 357
76 369
76 418
76 440
76 485
76 538
77 138
77 205
77 216
77 307
77 470
77 637
77 700
78 416
78 606
79 162
79 292
80 167
80 204
80 368
80 501
80 572
80 822
81 147
81 317
81 347
81 380
81 507
82 161
82 180
82 255
82 345
82 536
82 545
82 551
82 584
82 624
82 814
83 135
83 267
83 321
83 353
83 387
83 535
84 85
84 193
84 271
84 396
84 466
84 751
85 107
85 165
85 244
85 286
85 483
85 604
85 605
86 87
86 171
86 290
86 478
86 547
86 634
86 783
87 368
87 446
87 599
87 702
87 736
88 195
88 385
88 752
89 256
89 287
89 405
89 585
90 127
90 279
90 332
90 389
90 491
90 598
90 800
91 394
91 423
91 568
91 820
92 243
93 105
93 107
93 113
93 393
93 406
93 426
93 468
93 504
93 594
94 196
94 292
94 296
94 471
94 630
94 687
95 157
95 304
95 352
95 493
95 519
96 163
96 206
96 246
96 589
97 324
97 660
98 121
98 124
98 246
98 249
98 528
99 122
99 279
99 411
99 436
99 538
99 574
99 817
100 190
100 348
101 273
101 310
101 343
101 519
102 486
102 678
103 166
103 203
103 278
103 349
103 671
104 375
104 376
104 551
105 262
105 271
105 417
105 453
105 596
105 717
106 257
106 384
106 509
106 557
107 188
107 373
107 414
107 815
108 190
108 328
108 562
108 643
109 337
109 347
109 372
109 663
109 698
110 256
110 278
110 392
110 556
110 690
111 172
111 275
111 304
111 307
112 439
113 225
113 521
114 228
114 420
114 746
115 146
115 316
115 869
116 221
116 265
116 384
116 455
116 476
116 486
116 573
116 591
117 171
117 276
117 354
117 458
117 667
118 158
118 387
118 616
118 683
118 710
118 737
119 163
119 274
119 328
119 531
119 653
120 286
120 396
120 752
121 128
121 326
121 430
121 538
121 573
122 200
122 602
123 129
123 132
123 175
123 559
123 811
124 147
124 159
124 203
124 388
124 626
124 712
125 361
125 580
125 719
125 769
126 178
126 183
126 223
126 260
126 352
126 407
126 535
126 594
127 186
127 214
127 250
127 267
127 310
127 567
127 626
128 163
128 175
128 283
128 404
128 623
129 366
130 161
130 249
130 340
130 399
130 560
130 748
131 242
131 289
131 308
131 578
131 624
132 282
132 566
133 196
133 335
133 390
133 587
134 156
134 166
134 194
134 365
134 636
134 835
135 252
135 417
135 606
136 500
137 143
137 326
137 362
137 381
137 403
137 703
138 486
138 501
138 693
139 152
139 383
139 619
140 335
140 400
140 455
141 186
141 190
141 275
141 376
141 394
141 652
142 237
142 299
143 162
143 312
143 371
143 587
144 166
144 295
144 562
144 796
145 159
145 214
145 245
145 283
145 508
145 751
146 364
146 638
147 437
148 161
148 346
148 724
149 201
149 274
149 456
150 370
150 387
150 391
150 443
150 661
150 835
151 406
151 418
152 645
153 319
153 473
153 524
153 622
154 474
154 475
154 497
155 227
155 342
155 390
155 458
156 370
158 230
158 232
158 276
158 347
158 601
159 174
159 179
159 187
159 415
159 553
160 170
160 407
160 463
160 578
161 226
161 265
161 303
161 346
161 473
161 804
162 163
162 182
162 320
162 346
163 222
163 539
164 425
164 746
165 195
165 387
165 641
165 702
166 765
167 214
167 472
167 488
167 629
167 662
168 213
168 308
169 172
169 195
169 250
169 325
169 343
169 608
171 263
171 458
172 181
172 256
172 402
172 720
172 740
173 213
173 420
173 552
174 432
176 208
176 298
176 534
176 556
177 223
177 239
177 339
177 396
178 183
178 574
179 209
179 275
180 266
180 267
180 368
180 524
181 571
181 633
182 220
182 270
182 312
183 212
183 287
183 383
183 475
184 268
184 313
184 368
184 867
185 200
185 236
185 313
185 613
186 202
186 241
186 348
186 479
186 846
187 204
187 217
187 243
188 339
189 217
189 259
189 357
189 458
190 510
191 231
191 319
191 339
191 366
192 210
192 464
193 420
194 213
194 226
194 241
194 401
194 514
195 491
196 208
196 471
196 599
197 212
197 744
198 287
198 719
198 839
199 274
199 361
199 432
199 756
200 206
200 556
201 335
201 593
201 685
202 208
202 612
203 266
203 270
204 245
204 365
205 226
205 582
205 722
206 278
206 853
207 554
207 703
207 828
208 238
208 439
208 727
209 428
209 440
209 442
209 533
209 628
210 486
211 257
211 306
211 353
211 557
212 254
212 341
212 358
212 396
213 280
213 324
213 384
213 451
213 827
215 242
215 531
215 866
216 653
217 251
217 450
217 603
218 328
218 335
218 343
218 353
218 364
218 583
219 470
220 312
220 754
220 849
221 346
221 580
222 315
223 504
224 276
224 300
225 281
225 507
225 706
226 279
226 842
227 298
227 382
227 419
227 828
228 263
228 287
228 308
228 310
229 353
229 847
230 289
231 327
231 354
233 286
233 331
233 413
233 600
233 739
233 754
233 781
234 381
234 609
234 610
234 840
235 288
235 695
236 324
236 423
237 584
238 327
238 333
238 374
239 344
239 454
239 496
240 415
241 369
241 632
242 682
243 315
243 739
244 290
244 298
244 689
245 839
246 411
246 841
247 266
247 303
247 365
247 562
248 268
248 374
248 407
248 540
249 283
249 435
249 606
250 267
250 286
250 316
250 666
250 757
252 442
253 807
254 290
254 292
255 302
255 349
255 393
255 507
256 386
256 475
258 521
259 658
260 266
260 279
260 456
261 460
261 709
262 383
262 403
262 786
263 331
263 355
263 366
263 476
263 541
263 793
264 704
265 425
266 797
268 702
268 770
269 326
269 696
269 808
270 323
271 377
272 738
273 687
274 288
274 299
274 370
274 472
274 535
275 431
275 492
275 493
276 539
277 391
277 398
277 850
278 467
279 778
280 324
280 384
280 477
281 314
281 376
282 301
282 511
284 351
284 805
285 604
286 341
286 796
287 414
287 487
291 556
292 542
292 789
293 396
293 792
294 396
295 355
295 722
295 780
296 321
296 633
297 829
298 356
298 521
298 772
298 819
299 843
300 310
300 421
300 597
301 464
301 530
302 375
302 436
302 499
304 555
305 526
305 824
307 402
308 405
309 376
309 875
311 863
313 336
313 516
313 632
314 328
314 359
314 875
315 332
315 610
316 327
317 345
317 851
318 517
318 539
318 682
318 827
319 626
319 675
320 538
321 490
322 509
323 405
323 593
324 393
326 581
327 345
329 424
329 815
330 855
332 509
332 738
333 422
334 432
334 652
335 383
336 424
337 596
338 381
338 395
339 484
339 669
341 459
341 647
342 356
342 754
343 673
344 653
345 703
346 368
346 483
346 816
348 699
349 747
349 829
350 565
351 688
352 500
353 478
354 773
355 540
356 429
358 655
359 640
360 527
360 731
362 614
363 612
364 376
364 572
365 836
366 550
366 757
367 482
368 608
370 697
371 872
371 874
372 415
373 375
373 674
374 575
374 802
375 690
375 721
377 737
378 627
378 809
379 640
379 826
380 385
380 410
380 673
380 726
380 859
381 555
382 578
384 465
384 540
385 759
389 405
389 773
393 715
394 781
395 400
396 438
396 449
396 785
397 571
397 810
398 470
399 442
400 570
403 569
403 854
404 829
405 474
406 460
406 461
408 828
409 435
409 510
409 818
412 463
412 713
412 857
412 862
413 712
413 734
414 417
414 680
415 510
415 615
415 646
415 691
416 577
416 672
417 551
418 855
419 577
419 641
419 672
422 494
422 741
423 767
424 428
424 441
424 654
426 446
426 807
427 653
428 566
428 631
429 653
429 769
430 435
432 485
433 554
433 595
433 716
434 540
436 724
437 664
438 619
438 686
438 782
438 834
438 876
439 481
439 702
440 712
441 698
442 590
443 564
443 844
444 502
445 544
445 704
446 448
446 800
447 845
449 729
452 652
453 669
454 605
454 824
457 763
457 797
459 865
460 590
462 502
462 684
464 514
465 838
466 611
466 674
466 794
467 714
467 837
469 641
469 692
471 519
473 774
475 758
475 856
477 489
478 660
479 588
480 603
480 662
480 793
482 585
483 791
484 535
486 613
486 803
487 852
488 872
489 738
490 833
491 813
492 707
493 540
494 529
494 794
495 678
495 704
496 693
497 807
498 657
498 852
500 579
500 637
500 760
505 701
506 622
507 761
508 799
509 523
510 801
511 601
512 807
515 676
518 568
518 574
519 520
519 793
521 810
522 607
522 667
525 841
526 576
526 599
526 821
527 563
528 735
529 848
529 873
529 878
530 735
533 534
535 677
536 688
537 663
543 560
545 560
546 807
548 552
549 616
549 730
551 700
555 744
558 830
560 669
564 641
564 723
565 759
567 681
569 786
569 822
570 763
571 768
572 618
573 703
573 832
575 853
576 694
580 779
580 800
581 738
581 843
583 590
584 707
584 718
584 825
585 755
586 743
589 647
590 602
590 788
591 662
591 766
592 628
593 841
594 694
594 823
595 860
597 706
599 606
599 656
600 818
604 776
604 864
605 740
607 625
608 663
609 713
610 761
611 617
611 731
611 775
614 835
615 665
616 769
618 689
619 663
620 689
621 854
622 706
623 790
626 635
629 711
630 701
634 809
635 679
636 746
638 753
639 802
640 664
641 659
641 788
642 746
643 749
644 777
644 779
644 795
648 667
649 864
649 877
650 671
651 703
652 748
657 743
658 734
659 789
661 685
661 868
666 845
667 765
668 794
668 833
670 784
676 867
681 815
688 832
690 831
692 847
697 700
699 863
700 813
700 851
704 872
705 846
708 798
708 838
709 782
716 730
720 728
724 745
728 812
729 862
731 806
732 819
743 770
745 812
750 789
752 771
752 787
760 769
761 820
762 777
764 830
765 787
765 817
767 848
776 867
803 837
805 806
811 820
826 831
830 836
853 871
854 858
855 859
859 862
859 870
