563 562
0 8
0 17
0 24
0 47
0 63
0 65
0 106
0 133
0 150
0 175
0 204
0 234
0 281
0 303
0 314
0 393
0 413
0 473
0 481
1 14
1 16
1 43
1 45
1 80
1 107
1 169
1 195
1 238
1 241
1 256
1 320
1 434
1 455
2 44
2 51
2 72
2 85
2 98
2 108
2 121
2 176
2 356
2 372
2 419
2 487
3 190
3 197
3 216
3 323
3 333
3 362
3 456
4 15
4 133
4 149
4 157
4 191
4 220
4 360
4 395
4 400
4 438
4 473
4 514
4 529
5 7
5 37
5 52
5 89
5 242
5 400
6 75
6 132
6 219
6 255
6 288
6 503
7 22
7 41
7 107
7 118
7 133
7 227
7 242
7 300
7 395
7 422
7 447
7 499
8 65
8 91
8 126
8 191
8 356
8 446
8 464
8 529
9 37
9 47
9 64
9 100
9 121
9 164
9 175
9 176
9 213
9 214
9 218
9 311
9 323
9 328
9 352
9 358
10 13
10 37
10 189
10 231
10 239
10 253
10 297
10 452
10 514
11 13
11 94
11 261
11 324
11 350
12 18
12 25
12 49
12 73
12 77
12 99
12 103
12 126
12 160
12 190
12 210
12 267
12 281
12 370
12 401
12 409
12 448
12 510
13 149
13 328
13 334
13 353
13 406
14 32
14 48
14 58
14 110
14 264
14 265
14 328
14 338
15 68
15 117
15 145
15 180
15 190
15 237
15 309
15 537
16 27
16 120
16 148
16 173
16 200
16 245
16 275
16 306
16 445
16 455
16 471
16 500
17 36
17 105
17 195
17 233
17 246
17 284
17 464
17 468
18 33
18 117
18 153
18 304
18 307
18 322
18 445
18 455
18 459
19 87
19 162
19 260
19 291
19 369
19 417
20 21
20 23
20 24
20 95
20 110
20 188
20 189
20 218
20 258
20 260
20 264
20 334
20 364
20 398
20 450
21 58
21 237
21 393
21 408
21 439
21 462
22 151
22 178
22 235
22 423
22 442
23 28
23 79
23 132
23 217
23 251
23 289
23 414
24 49
24 92
24 127
24 139
24 190
24 235
24 348
24 422
24 460
25 29
25 70
25 208
25 308
25 461
26 29
26 54
26 84
26 87
26 156
26 174
26 263
26 308
26 378
27 64
27 91
27 204
27 210
27 292
27 308
27 547
28 39
28 92
28 149
28 160
28 232
28 275
28 340
28 357
29 104
29 154
29 160
29 283
29 288
29 312
29 439
29 468
29 478
30 50
30 215
30 256
30 258
30 425
30 477
31 215
31 263
31 289
31 469
31 517
32 85
32 109
32 116
32 141
32 262
32 421
33 60
33 69
33 100
33 170
33 333
33 480
34 100
34 126
34 140
34 218
34 303
34 408
34 484
35 37
35 180
35 219
35 245
35 300
35 351
35 375
35 433
35 457
36 48
36 80
36 142
36 191
36 261
36 436
37 82
37 144
37 202
37 447
38 77
38 118
38 130
38 298
38 364
39 41
39 79
39 95
39 101
39 105
39 216
39 240
39 274
39 292
39 312
39 315
39 359
39 386
39 399
40 77
40 113
40 122
40 149
40 196
40 208
40 347
40 453
40 481
41 53
41 59
41 82
41 112
41 120
41 167
41 323
41 543
42 150
42 167
42 391
42 432
43 53
43 69
43 310
43 432
44 67
44 69
44 129
44 236
44 497
45 65
45 67
45 78
45 122
45 360
45 366
45 461
45 496
46 57
46 58
46 135
46 240
46 349
47 64
47 75
47 145
47 169
47 183
47 295
47 309
48 74
48 247
48 290
48 388
48 411
49 146
49 188
49 219
49 322
49 345
49 441
50 57
50 98
50 166
50 180
50 425
51 300
51 477
52 86
52 109
52 151
52 195
52 351
53 55
53 62
53 168
53 204
53 236
53 270
53 288
53 455
54 98
54 387
54 461
54 505
55 75
55 133
55 252
55 462
55 531
56 81
56 237
56 241
56 282
56 329
57 130
58 107
58 158
58 172
58 341
58 422
59 92
59 121
59 150
59 227
59 313
59 424
60 118
60 197
60 226
60 293
60 358
61 66
61 378
62 88
62 99
62 174
62 555
63 190
63 299
63 314
63 377
64 83
64 146
64 172
64 222
64 268
64 325
65 128
65 154
66 140
66 188
66 243
66 429
66 485
67 138
67 258
67 474
67 503
68 104
68 109
68 139
68 193
68 219
68 385
69 126
69 340
69 360
69 388
69 461
70 306
70 463
71 113
71 144
71 169
71 215
72 96
72 100
72 137
72 219
72 501
73 80
73 446
74 94
74 99
74 157
74 252
74 296
74 367
74 373
75 152
75 238
75 298
75 299
75 457
75 496
76 101
76 129
76 268
76 277
76 281
76 377
77 100
77 169
77 203
77 206
77 559
78 162
78 218
79 90
79 110
79 146
79 175
79 242
79 293
79 472
80 197
80 248
80 251
80 385
81 156
81 197
81 354
81 419
81 446
82 117
82 213
82 288
82 339
82 347
83 92
83 165
83 492
84 183
84 312
84 319
84 425
85 145
85 215
85 218
85 310
85 335
86 148
86 426
87 176
87 189
87 259
87 274
88 176
88 366
89 100
89 167
89 229
89 342
90 156
90 241
90 531
91 124
91 133
91 147
91 169
91 176
91 298
91 348
91 489
92 132
92 217
92 302
92 356
92 432
93 166
93 307
93 399
94 287
95 143
95 149
95 252
95 449
96 249
96 338
96 392
96 553
97 131
97 215
97 490
98 213
98 287
98 299
99 103
99 105
99 168
99 217
100 205
100 215
100 216
100 384
101 232
101 249
102 153
102 207
102 545
103 191
103 293
103 320
104 146
104 250
104 273
105 191
105 250
105 277
105 318
105 402
106 193
106 301
106 341
106 404
107 224
107 507
108 136
108 159
108 250
108 297
109 110
109 113
109 197
109 274
109 367
109 424
110 133
110 143
110 221
111 209
111 263
111 556
112 113
112 131
112 247
113 153
113 222
113 225
113 233
113 329
114 309
114 382
114 527
115 249
115 325
115 331
115 434
115 438
115 477
116 148
116 152
116 187
116 323
117 144
117 173
118 140
118 376
119 150
119 415
120 415
121 146
121 159
121 305
121 343
122 307
122 513
123 365
123 536
124 143
124 207
125 180
125 366
125 479
126 168
126 179
126 216
126 269
126 339
126 426
127 158
127 270
128 233
128 302
128 316
128 346
128 465
129 133
129 177
129 531
130 460
131 232
132 173
132 224
132 255
133 247
134 187
134 312
135 461
136 183
136 336
136 346
136 521
137 177
137 270
138 185
138 324
138 412
138 488
139 289
139 309
140 240
140 318
140 396
141 310
141 318
141 531
141 562
142 149
142 169
142 233
142 266
142 390
143 178
143 279
143 301
143 305
143 383
143 400
143 512
144 507
146 345
146 387
148 351
149 217
149 443
150 229
150 336
150 439
151 161
151 254
151 288
152 240
152 283
153 289
154 453
154 464
155 215
155 244
155 400
155 473
156 170
156 316
156 486
158 212
158 259
158 312
159 181
159 285
159 444
159 477
160 183
160 326
160 546
161 235
161 406
162 224
163 192
163 211
164 287
164 334
165 368
165 406
167 191
167 324
168 291
168 505
169 265
169 509
170 361
171 259
171 510
172 280
173 270
174 379
174 516
175 208
175 536
176 285
176 476
177 202
177 243
177 269
178 199
178 322
179 384
181 257
182 242
182 281
183 494
184 509
185 192
185 246
185 354
185 540
186 272
186 287
187 370
187 487
188 322
188 492
188 514
188 539
189 512
190 227
190 315
191 330
192 241
192 321
194 232
194 502
194 548
195 198
195 360
195 417
195 420
195 466
196 198
196 221
196 305
196 477
196 492
198 244
198 256
198 283
199 441
200 234
200 252
200 417
200 543
201 275
202 292
204 222
204 296
205 240
205 250
205 371
206 234
206 241
207 239
208 221
208 266
208 349
208 453
209 353
210 330
210 423
211 551
212 243
213 395
213 508
213 538
214 246
214 550
215 468
215 535
215 556
216 245
217 222
218 285
219 255
219 288
219 362
219 447
219 534
220 331
220 435
220 502
222 429
223 235
223 273
223 474
223 525
225 321
226 316
227 452
227 558
228 242
228 263
228 290
228 338
230 336
230 413
230 494
231 393
234 324
236 402
237 308
238 245
238 471
239 389
240 404
241 331
241 399
242 387
243 268
243 548
244 257
245 452
246 267
247 453
248 384
249 337
250 365
251 513
252 264
252 374
252 509
253 539
254 337
254 358
254 423
254 523
255 452
255 483
255 526
256 418
256 430
259 387
260 261
261 283
261 321
262 296
263 293
263 520
264 278
267 398
268 467
271 273
271 459
271 542
272 544
275 547
276 392
276 414
277 551
278 333
279 319
280 409
282 328
282 491
283 327
283 465
283 499
284 499
285 510
286 304
286 555
287 496
290 320
290 368
290 388
292 405
294 305
295 518
297 470
298 351
301 530
302 490
303 452
304 319
305 436
307 414
309 373
310 416
311 427
313 416
313 432
317 343
317 372
318 360
319 507
323 364
328 377
328 383
329 401
329 431
329 471
330 376
332 542
333 448
335 406
336 480
339 493
339 524
339 525
341 437
342 458
342 486
344 562
345 546
346 416
346 498
347 433
347 475
348 506
350 378
351 362
352 488
353 460
354 371
355 486
356 410
357 454
357 504
359 528
362 533
363 462
366 376
369 453
370 381
373 532
375 485
375 544
378 394
378 462
380 540
382 403
383 436
383 443
385 418
387 418
387 557
390 490
391 450
393 522
396 483
397 517
401 449
403 484
403 540
403 561
405 506
406 512
407 538
408 465
410 456
410 529
411 511
416 544
421 499
422 492
427 471
428 539
433 483
437 440
441 481
446 528
448 452
448 458
451 494
452 550
453 519
455 482
455 554
457 462
460 487
463 496
466 559
475 519
476 536
478 481
479 528
484 495
489 521
497 551
500 510
504 523
506 556
510 544
515 545
522 549
522 555
524 541
529 549
530 561
532 536
533 552
545 560
